ambig_basecount	ambig_full_basecount	dataset	error	identification	identification_method	identification_rank	nuc_basecount	nuc_full_basecount	obs_taxon	sequence_id	species	stop_codons
0	4	data/BGE00410_MGE-BGE_r1_1.3_1.5_s50_100.fasta	None	Ichneumonidae	BLAST	family	657	1566	Ichneumonidae	BGLIB856-24_r_1_s_50	Syrphoctonus elegans	0
0	1	data/BGE00410_MGE-BGE_r1_1.3_1.5_s50_100.fasta	None	Ichneumonidae	BLAST	family	657	1542	Ichneumonidae	BGLIB856-24_r_1_s_100	Syrphoctonus elegans	0
0	0	data/BGE00410_MGE-BGE_r1_1.3_1.5_s50_100.fasta	None	Ichneumonidae	BLAST	family	657	1566	Ichneumonidae	BGLIB856-24_r_1.3_s_50	Syrphoctonus elegans	0
0	1	data/BGE00410_MGE-BGE_r1_1.3_1.5_s50_100.fasta	None	Ichneumonidae	BLAST	family	657	1539	Ichneumonidae	BGLIB856-24_r_1.3_s_100	Syrphoctonus elegans	0
0	2	data/BGE00410_MGE-BGE_r1_1.3_1.5_s50_100.fasta	None	Ichneumonidae	BLAST	family	657	1545	Ichneumonidae	BGLIB856-24_r_1.5_s_50	Syrphoctonus elegans	0
0	0	data/BGE00410_MGE-BGE_r1_1.3_1.5_s50_100.fasta	None	Ichneumonidae	BLAST	family	657	1512	Ichneumonidae	BGLIB856-24_r_1.5_s_100	Syrphoctonus elegans	0
1	4	data/BGE00410_MGE-BGE_r1_1.3_1.5_s50_100.fasta	None	Ichneumonidae	BLAST	family	655	1536	Ichneumonidae	BGLIB857-24_r_1_s_50	Stenodontus biguttatus	0
0	0	data/BGE00410_MGE-BGE_r1_1.3_1.5_s50_100.fasta	None	Ichneumonidae	BLAST	family	655	1536	Ichneumonidae	BGLIB857-24_r_1_s_100	Stenodontus biguttatus	0
0	0	data/BGE00410_MGE-BGE_r1_1.3_1.5_s50_100.fasta	None	Ichneumonidae	BLAST	family	655	1536	Ichneumonidae	BGLIB857-24_r_1.3_s_50	Stenodontus biguttatus	0
0	0	data/BGE00410_MGE-BGE_r1_1.3_1.5_s50_100.fasta	None	Ichneumonidae	BLAST	family	655	1536	Ichneumonidae	BGLIB857-24_r_1.3_s_100	Stenodontus biguttatus	0
0	0	data/BGE00410_MGE-BGE_r1_1.3_1.5_s50_100.fasta	None	Ichneumonidae	BLAST	family	625	1461	Ichneumonidae	BGLIB857-24_r_1.5_s_50	Stenodontus biguttatus	0
0	0	data/BGE00410_MGE-BGE_r1_1.3_1.5_s50_100.fasta	None	Ichneumonidae	BLAST	family	607	1392	Ichneumonidae	BGLIB857-24_r_1.5_s_100	Stenodontus biguttatus	0
0	0	data/BGE00410_MGE-BGE_r1_1.3_1.5_s50_100.fasta	None	Ichneumonidae	BLAST	family	657	1566	Ichneumonidae	BGLIB858-24_r_1_s_50	Smicroplectrus bohemani	0
0	0	data/BGE00410_MGE-BGE_r1_1.3_1.5_s50_100.fasta	None	Ichneumonidae	BLAST	family	657	1545	Ichneumonidae	BGLIB858-24_r_1_s_100	Smicroplectrus bohemani	0
0	1	data/BGE00410_MGE-BGE_r1_1.3_1.5_s50_100.fasta	None	Ichneumonidae	BLAST	family	657	1560	Ichneumonidae	BGLIB858-24_r_1.3_s_50	Smicroplectrus bohemani	0
0	0	data/BGE00410_MGE-BGE_r1_1.3_1.5_s50_100.fasta	None	Ichneumonidae	BLAST	family	657	1539	Ichneumonidae	BGLIB858-24_r_1.3_s_100	Smicroplectrus bohemani	0
0	0	data/BGE00410_MGE-BGE_r1_1.3_1.5_s50_100.fasta	None	Ichneumonidae	BLAST	family	654	1458	Ichneumonidae,Crabronidae,Formicidae,Pteromalidae	BGLIB858-24_r_1.5_s_50	Smicroplectrus bohemani	0
0	0	data/BGE00410_MGE-BGE_r1_1.3_1.5_s50_100.fasta	None	Ichneumonidae	BLAST	family	636	1419	Ichneumonidae	BGLIB858-24_r_1.5_s_100	Smicroplectrus bohemani	0
28	33	data/BGE00410_MGE-BGE_r1_1.3_1.5_s50_100.fasta	None	Ichneumonidae	BLAST	family	657	1566	Ichneumonidae,Geometridae	BGLIB859-24_r_1_s_50	Smicroplectrus excisus	0
13	19	data/BGE00410_MGE-BGE_r1_1.3_1.5_s50_100.fasta	None	Ichneumonidae	BLAST	family	657	1536	Ichneumonidae	BGLIB859-24_r_1_s_100	Smicroplectrus excisus	0
6	7	data/BGE00410_MGE-BGE_r1_1.3_1.5_s50_100.fasta	None	Ichneumonidae	BLAST	family	618	1476	Ichneumonidae,Vespidae	BGLIB859-24_r_1.3_s_50	Smicroplectrus excisus	0
16	17	data/BGE00410_MGE-BGE_r1_1.3_1.5_s50_100.fasta	None	Ichneumonidae	BLAST	family	618	1356	Ichneumonidae	BGLIB859-24_r_1.3_s_100	Smicroplectrus excisus	0
1	1	data/BGE00410_MGE-BGE_r1_1.3_1.5_s50_100.fasta	None	Ichneumonidae	BLAST	family	591	1365	Ichneumonidae	BGLIB859-24_r_1.5_s_50	Smicroplectrus excisus	0
1	2	data/BGE00410_MGE-BGE_r1_1.3_1.5_s50_100.fasta	None	Ichneumonidae	BLAST	family	579	1263	Ichneumonidae	BGLIB859-24_r_1.5_s_100	Smicroplectrus excisus	0
0	2	data/BGE00410_MGE-BGE_r1_1.3_1.5_s50_100.fasta	None	Ichneumonidae	BLAST	family	654	1557	Ichneumonidae	BGLIB860-24_r_1_s_50	Sphinctus serotinus	0
0	0	data/BGE00410_MGE-BGE_r1_1.3_1.5_s50_100.fasta	None	Ichneumonidae	BLAST	family	654	1530	Ichneumonidae	BGLIB860-24_r_1_s_100	Sphinctus serotinus	0
0	0	data/BGE00410_MGE-BGE_r1_1.3_1.5_s50_100.fasta	None	Ichneumonidae	BLAST	family	654	1557	Ichneumonidae	BGLIB860-24_r_1.3_s_50	Sphinctus serotinus	0
0	0	data/BGE00410_MGE-BGE_r1_1.3_1.5_s50_100.fasta	None	Ichneumonidae	BLAST	family	654	1530	Ichneumonidae	BGLIB860-24_r_1.3_s_100	Sphinctus serotinus	0
0	0	data/BGE00410_MGE-BGE_r1_1.3_1.5_s50_100.fasta	None	Ichneumonidae	BLAST	family	639	1473	Ichneumonidae	BGLIB860-24_r_1.5_s_50	Sphinctus serotinus	0
0	0	data/BGE00410_MGE-BGE_r1_1.3_1.5_s50_100.fasta	None	Ichneumonidae	BLAST	family	639	1371	Ichneumonidae	BGLIB860-24_r_1.5_s_100	Sphinctus serotinus	0
0	0	data/BGE00410_MGE-BGE_r1_1.3_1.5_s50_100.fasta	None	Ichneumonidae	BLAST	family	655	1566	Ichneumonidae	BGLIB861-24_r_1_s_50	Tryphon nigripes	0
0	0	data/BGE00410_MGE-BGE_r1_1.3_1.5_s50_100.fasta	None	Ichneumonidae	BLAST	family	655	1560	Ichneumonidae	BGLIB861-24_r_1_s_100	Tryphon nigripes	0
0	0	data/BGE00410_MGE-BGE_r1_1.3_1.5_s50_100.fasta	None	Ichneumonidae	BLAST	family	655	1545	Ichneumonidae	BGLIB861-24_r_1.3_s_50	Tryphon nigripes	0
0	0	data/BGE00410_MGE-BGE_r1_1.3_1.5_s50_100.fasta	None	Ichneumonidae	BLAST	family	655	1545	Ichneumonidae	BGLIB861-24_r_1.3_s_100	Tryphon nigripes	0
0	0	data/BGE00410_MGE-BGE_r1_1.3_1.5_s50_100.fasta	None	Ichneumonidae	BLAST	family	643	1533	Ichneumonidae	BGLIB861-24_r_1.5_s_50	Tryphon nigripes	0
0	0	data/BGE00410_MGE-BGE_r1_1.3_1.5_s50_100.fasta	None	Ichneumonidae	BLAST	family	640	1530	Ichneumonidae	BGLIB861-24_r_1.5_s_100	Tryphon nigripes	0
0	0	data/BGE00410_MGE-BGE_r1_1.3_1.5_s50_100.fasta	None	Ichneumonidae	BLAST	family	656	1536	Ichneumonidae	BGLIB862-24_r_1_s_50	Syspasis rufinus	0
0	0	data/BGE00410_MGE-BGE_r1_1.3_1.5_s50_100.fasta	None	Ichneumonidae	BLAST	family	656	1536	Ichneumonidae	BGLIB862-24_r_1_s_100	Syspasis rufinus	0
0	0	data/BGE00410_MGE-BGE_r1_1.3_1.5_s50_100.fasta	None	Ichneumonidae	BLAST	family	656	1536	Ichneumonidae	BGLIB862-24_r_1.3_s_50	Syspasis rufinus	0
0	0	data/BGE00410_MGE-BGE_r1_1.3_1.5_s50_100.fasta	None	Ichneumonidae	BLAST	family	656	1536	Ichneumonidae	BGLIB862-24_r_1.3_s_100	Syspasis rufinus	0
0	0	data/BGE00410_MGE-BGE_r1_1.3_1.5_s50_100.fasta	None	Ichneumonidae	BLAST	family	629	1509	Ichneumonidae	BGLIB862-24_r_1.5_s_50	Syspasis rufinus	0
0	0	data/BGE00410_MGE-BGE_r1_1.3_1.5_s50_100.fasta	None	Ichneumonidae	BLAST	family	623	1503	Ichneumonidae	BGLIB862-24_r_1.5_s_100	Syspasis rufinus	0
24	27	data/BGE00410_MGE-BGE_r1_1.3_1.5_s50_100.fasta	None	Ichneumonidae	BLAST	family	656	1536	Ichneumonidae	BGLIB863-24_r_1_s_50	Trogus lapidator	0
10	26	data/BGE00410_MGE-BGE_r1_1.3_1.5_s50_100.fasta	None	Ichneumonidae	BLAST	family	602	1467	Ichneumonidae,Geometridae	BGLIB863-24_r_1_s_100	Trogus lapidator	0
6	8	data/BGE00410_MGE-BGE_r1_1.3_1.5_s50_100.fasta	None	Ichneumonidae	BLAST	family	599	1479	Ichneumonidae	BGLIB863-24_r_1.3_s_50	Trogus lapidator	0
7	10	data/BGE00410_MGE-BGE_r1_1.3_1.5_s50_100.fasta	None	Ichneumonidae	BLAST	family	532	1386	Ichneumonidae	BGLIB863-24_r_1.3_s_100	Trogus lapidator	0
2	2	data/BGE00410_MGE-BGE_r1_1.3_1.5_s50_100.fasta	None	Ichneumonidae	BLAST	family	548	1410	Ichneumonidae	BGLIB863-24_r_1.5_s_50	Trogus lapidator	0
2	3	data/BGE00410_MGE-BGE_r1_1.3_1.5_s50_100.fasta	None	Ichneumonidae	BLAST	family	433	1140	Ichneumonidae	BGLIB863-24_r_1.5_s_100	Trogus lapidator	0
0	1	data/BGE00410_MGE-BGE_r1_1.3_1.5_s50_100.fasta	None	Ichneumonidae	BLAST	family	655	1524	Ichneumonidae	BGLIB864-24_r_1_s_50	Tycherus gracilis	0
2	3	data/BGE00410_MGE-BGE_r1_1.3_1.5_s50_100.fasta	None	Ichneumonidae	BLAST	family	655	1524	Ichneumonidae	BGLIB864-24_r_1_s_100	Tycherus gracilis	0
0	1	data/BGE00410_MGE-BGE_r1_1.3_1.5_s50_100.fasta	None	Ichneumonidae	BLAST	family	655	1524	Ichneumonidae	BGLIB864-24_r_1.3_s_50	Tycherus gracilis	0
0	1	data/BGE00410_MGE-BGE_r1_1.3_1.5_s50_100.fasta	None	Ichneumonidae	BLAST	family	655	1524	Ichneumonidae	BGLIB864-24_r_1.3_s_100	Tycherus gracilis	0
0	0	data/BGE00410_MGE-BGE_r1_1.3_1.5_s50_100.fasta	None	Ichneumonidae	BLAST	family	628	1470	Ichneumonidae	BGLIB864-24_r_1.5_s_50	Tycherus gracilis	0
0	0	data/BGE00410_MGE-BGE_r1_1.3_1.5_s50_100.fasta	None	Ichneumonidae	BLAST	family	628	1413	Ichneumonidae	BGLIB864-24_r_1.5_s_100	Tycherus gracilis	0
27	49	data/BGE00410_MGE-BGE_r1_1.3_1.5_s50_100.fasta	None	Ichneumonidae	BLAST	family	656	1536	Ichneumonidae	BGLIB865-24_r_1_s_50	Tycherus macilentus	0
22	39	data/BGE00410_MGE-BGE_r1_1.3_1.5_s50_100.fasta	None	Ichneumonidae	BLAST	family	656	1536	Ichneumonidae	BGLIB865-24_r_1_s_100	Tycherus macilentus	0
6	7	data/BGE00410_MGE-BGE_r1_1.3_1.5_s50_100.fasta	None	Ichneumonidae	BLAST	family	656	1536	Ichneumonidae	BGLIB865-24_r_1.3_s_50	Tycherus macilentus	0
7	10	data/BGE00410_MGE-BGE_r1_1.3_1.5_s50_100.fasta	None	Ichneumonidae	BLAST	family	638	1518	Ichneumonidae	BGLIB865-24_r_1.3_s_100	Tycherus macilentus	0
1	1	data/BGE00410_MGE-BGE_r1_1.3_1.5_s50_100.fasta	None	Ichneumonidae	BLAST	family	629	1440	Ichneumonidae	BGLIB865-24_r_1.5_s_50	Tycherus macilentus	0
3	3	data/BGE00410_MGE-BGE_r1_1.3_1.5_s50_100.fasta	None	Ichneumonidae	BLAST	family	611	1341	Acrididae,Syrphidae,Braconidae,Ichneumonidae	BGLIB865-24_r_1.5_s_100	Tycherus macilentus	0
0	0	data/BGE00410_MGE-BGE_r1_1.3_1.5_s50_100.fasta	None	Ichneumonidae	BLAST	family	657	1536	Ichneumonidae	BGLIB866-24_r_1_s_50	Tycherus ophthalmicus	0
0	0	data/BGE00410_MGE-BGE_r1_1.3_1.5_s50_100.fasta	None	Ichneumonidae	BLAST	family	657	1536	Ichneumonidae	BGLIB866-24_r_1_s_100	Tycherus ophthalmicus	0
0	0	data/BGE00410_MGE-BGE_r1_1.3_1.5_s50_100.fasta	None	Ichneumonidae	BLAST	family	657	1536	Ichneumonidae	BGLIB866-24_r_1.3_s_50	Tycherus ophthalmicus	0
0	0	data/BGE00410_MGE-BGE_r1_1.3_1.5_s50_100.fasta	None	Ichneumonidae	BLAST	family	657	1536	Ichneumonidae	BGLIB866-24_r_1.3_s_100	Tycherus ophthalmicus	0
0	0	data/BGE00410_MGE-BGE_r1_1.3_1.5_s50_100.fasta	None	Ichneumonidae	BLAST	family	645	1494	Ichneumonidae	BGLIB866-24_r_1.5_s_50	Tycherus ophthalmicus	0
0	0	data/BGE00410_MGE-BGE_r1_1.3_1.5_s50_100.fasta	None	Ichneumonidae	BLAST	family	645	1464	Ichneumonidae	BGLIB866-24_r_1.5_s_100	Tycherus ophthalmicus	0
33	44	data/BGE00410_MGE-BGE_r1_1.3_1.5_s50_100.fasta	None	Ichneumonidae	BLAST	family	648	1470	Ichneumonidae	BGLIB867-24_r_1_s_50	Tycherus vagus	0
24	64	data/BGE00410_MGE-BGE_r1_1.3_1.5_s50_100.fasta	None	Ichneumonidae	BLAST	family	549	1347	Chrysomelidae,Apionidae,Ichneumonidae	BGLIB867-24_r_1_s_100	Tycherus vagus	0
6	7	data/BGE00410_MGE-BGE_r1_1.3_1.5_s50_100.fasta	None	Ichneumonidae	BLAST	family	625	1446	Ichneumonidae	BGLIB867-24_r_1.3_s_50	Tycherus vagus	0
6	7	data/BGE00410_MGE-BGE_r1_1.3_1.5_s50_100.fasta	None	Ichneumonidae	BLAST	family	490	1272	Ichneumonidae	BGLIB867-24_r_1.3_s_100	Tycherus vagus	12
1	4	data/BGE00410_MGE-BGE_r1_1.3_1.5_s50_100.fasta	None	Ichneumonidae	BLAST	family	609	1350	Ichneumonidae	BGLIB867-24_r_1.5_s_50	Tycherus vagus	0
1	5	data/BGE00410_MGE-BGE_r1_1.3_1.5_s50_100.fasta	None	Ichneumonidae	BLAST	family	400	1077	Ichneumonidae	BGLIB867-24_r_1.5_s_100	Tycherus vagus	14
0	0	data/BGE00410_MGE-BGE_r1_1.3_1.5_s50_100.fasta	None	Ichneumonidae	BLAST	family	655	1536	Ichneumonidae	BGLIB868-24_r_1_s_50	Virgichneumon callicerus	0
0	0	data/BGE00410_MGE-BGE_r1_1.3_1.5_s50_100.fasta	None	Ichneumonidae	BLAST	family	655	1536	Ichneumonidae	BGLIB868-24_r_1_s_100	Virgichneumon callicerus	0
0	0	data/BGE00410_MGE-BGE_r1_1.3_1.5_s50_100.fasta	None	Ichneumonidae	BLAST	family	655	1536	Ichneumonidae	BGLIB868-24_r_1.3_s_50	Virgichneumon callicerus	0
0	0	data/BGE00410_MGE-BGE_r1_1.3_1.5_s50_100.fasta	None	Ichneumonidae	BLAST	family	655	1536	Ichneumonidae	BGLIB868-24_r_1.3_s_100	Virgichneumon callicerus	0
0	0	data/BGE00410_MGE-BGE_r1_1.3_1.5_s50_100.fasta	None	Ichneumonidae	BLAST	family	643	1515	Ichneumonidae	BGLIB868-24_r_1.5_s_50	Virgichneumon callicerus	0
0	0	data/BGE00410_MGE-BGE_r1_1.3_1.5_s50_100.fasta	None	Ichneumonidae	BLAST	family	643	1509	Ichneumonidae	BGLIB868-24_r_1.5_s_100	Virgichneumon callicerus	0
32	42	data/BGE00410_MGE-BGE_r1_1.3_1.5_s50_100.fasta	None	Ichneumonidae	BLAST	family	652	1515	Ichneumonidae	BGLIB869-24_r_1_s_50	Virgichneumon extremator	0
25	48	data/BGE00410_MGE-BGE_r1_1.3_1.5_s50_100.fasta	None	Ichneumonidae	BLAST	family	580	1407	Ichneumonidae	BGLIB869-24_r_1_s_100	Virgichneumon extremator	0
1	2	data/BGE00410_MGE-BGE_r1_1.3_1.5_s50_100.fasta	None	Ichneumonidae	BLAST	family	610	1470	Ichneumonidae	BGLIB869-24_r_1.3_s_50	Virgichneumon extremator	0
2	3	data/BGE00410_MGE-BGE_r1_1.3_1.5_s50_100.fasta	None	Ichneumonidae	BLAST	family	445	1182	Ichneumonidae	BGLIB869-24_r_1.3_s_100	Virgichneumon extremator	0
0	1	data/BGE00410_MGE-BGE_r1_1.3_1.5_s50_100.fasta	None	Ichneumonidae	BLAST	family	547	1305	Ichneumonidae,Colletidae,Geometridae	BGLIB869-24_r_1.5_s_50	Virgichneumon extremator	0
3	3	data/BGE00410_MGE-BGE_r1_1.3_1.5_s50_100.fasta	None	Ichneumonidae	BLAST	family	445	1038	Ichneumonidae	BGLIB869-24_r_1.5_s_100	Virgichneumon extremator	0
6	50	data/BGE00410_MGE-BGE_r1_1.3_1.5_s50_100.fasta	None	Ichneumonidae	BLAST	family	656	1527	Ichneumonidae,Tortricidae	BGLIB870-24_r_1_s_50	Virgichneumon maculicauda	0
13	28	data/BGE00410_MGE-BGE_r1_1.3_1.5_s50_100.fasta	None	Ichneumonidae	BLAST	family	638	1359	Ichneumonidae	BGLIB870-24_r_1_s_100	Virgichneumon maculicauda	0
0	33	data/BGE00410_MGE-BGE_r1_1.3_1.5_s50_100.fasta	None	Ichneumonidae	BLAST	family	611	1398	Ichneumonidae	BGLIB870-24_r_1.3_s_50	Virgichneumon maculicauda	0
8	35	data/BGE00410_MGE-BGE_r1_1.3_1.5_s50_100.fasta	None	Ichneumonidae	BLAST	family	539	1161	Ichneumonidae	BGLIB870-24_r_1.3_s_100	Virgichneumon maculicauda	0
0	18	data/BGE00410_MGE-BGE_r1_1.3_1.5_s50_100.fasta	None	Ichneumonidae	BLAST	family	539	1188	Ichneumonidae	BGLIB870-24_r_1.5_s_50	Virgichneumon maculicauda	0
0	27	data/BGE00410_MGE-BGE_r1_1.3_1.5_s50_100.fasta	None	Ichneumonidae	BLAST	family	485	894	Ichneumonidae	BGLIB870-24_r_1.5_s_100	Virgichneumon maculicauda	0
0	0	data/BGE00410_MGE-BGE_r1_1.3_1.5_s50_100.fasta	None	Ichneumonidae	BLAST	family	657	1530	Ichneumonidae	BGLIB871-24_r_1_s_50	Virgichneumon tenuipes	0
0	0	data/BGE00410_MGE-BGE_r1_1.3_1.5_s50_100.fasta	None	Ichneumonidae	BLAST	family	657	1530	Ichneumonidae	BGLIB871-24_r_1_s_100	Virgichneumon tenuipes	0
0	0	data/BGE00410_MGE-BGE_r1_1.3_1.5_s50_100.fasta	None	Ichneumonidae	BLAST	family	657	1530	Ichneumonidae	BGLIB871-24_r_1.3_s_50	Virgichneumon tenuipes	0
0	0	data/BGE00410_MGE-BGE_r1_1.3_1.5_s50_100.fasta	None	Ichneumonidae	BLAST	family	657	1530	Ichneumonidae	BGLIB871-24_r_1.3_s_100	Virgichneumon tenuipes	0
0	0	data/BGE00410_MGE-BGE_r1_1.3_1.5_s50_100.fasta	None	Ichneumonidae	BLAST	family	645	1518	Ichneumonidae	BGLIB871-24_r_1.5_s_50	Virgichneumon tenuipes	0
0	0	data/BGE00410_MGE-BGE_r1_1.3_1.5_s50_100.fasta	None	Ichneumonidae	BLAST	family	645	1509	Ichneumonidae	BGLIB871-24_r_1.5_s_100	Virgichneumon tenuipes	0
3	3	data/BGE00410_MGE-BGE_r1_1.3_1.5_s50_100.fasta	None	Ichneumonidae	BLAST	family	655	1524	Ichneumonidae	BGLIB872-24_r_1_s_50	Vulgichneumon trifarius	1
5	5	data/BGE00410_MGE-BGE_r1_1.3_1.5_s50_100.fasta	None	Ichneumonidae	BLAST	family	643	1512	Ichneumonidae,Argidae,Lycaenidae,Geometridae	BGLIB872-24_r_1_s_100	Vulgichneumon trifarius	0
1	1	data/BGE00410_MGE-BGE_r1_1.3_1.5_s50_100.fasta	None	Ichneumonidae	BLAST	family	655	1524	Ichneumonidae	BGLIB872-24_r_1.3_s_50	Vulgichneumon trifarius	0
0	0	data/BGE00410_MGE-BGE_r1_1.3_1.5_s50_100.fasta	None	Ichneumonidae	BLAST	family	643	1512	Ichneumonidae	BGLIB872-24_r_1.3_s_100	Vulgichneumon trifarius	0
1	1	data/BGE00410_MGE-BGE_r1_1.3_1.5_s50_100.fasta	None	Ichneumonidae	BLAST	family	619	1461	Cecidomyiidae,Braconidae,Ichneumonidae	BGLIB872-24_r_1.5_s_50	Vulgichneumon trifarius	0
0	0	data/BGE00410_MGE-BGE_r1_1.3_1.5_s50_100.fasta	None	Ichneumonidae	BLAST	family	607	1449	Cecidomyiidae,Braconidae,Ichneumonidae	BGLIB872-24_r_1.5_s_100	Vulgichneumon trifarius	0
38	74	data/BGE00410_MGE-BGE_r1_1.3_1.5_s50_100.fasta	None	Ichneumonidae	BLAST	family	650	1536	Ichneumonidae	BGLIB873-24_r_1_s_50	Stenomacrus caudatus	0
30	43	data/BGE00410_MGE-BGE_r1_1.3_1.5_s50_100.fasta	None	Ichneumonidae	BLAST	family	573	1335	Culicidae,Braconidae,Ichneumonidae,Lycaenidae,Nymphalidae	BGLIB873-24_r_1_s_100	Stenomacrus caudatus	0
8	9	data/BGE00410_MGE-BGE_r1_1.3_1.5_s50_100.fasta	None	Ichneumonidae	BLAST	family	611	1434	Ichneumonidae	BGLIB873-24_r_1.3_s_50	Stenomacrus caudatus	0
1	1	data/BGE00410_MGE-BGE_r1_1.3_1.5_s50_100.fasta	None	Ichneumonidae	BLAST	family	653	924	Culicidae,Braconidae,Ichneumonidae,Lycaenidae	BGLIB873-24_r_1.3_s_100	Stenomacrus caudatus	10
1	2	data/BGE00410_MGE-BGE_r1_1.3_1.5_s50_100.fasta	None	Ichneumonidae	BLAST	family	433	1212	Braconidae,Ichneumonidae,Colletidae	BGLIB873-24_r_1.5_s_50	Stenomacrus caudatus	0
0	2	data/BGE00410_MGE-BGE_r1_1.3_1.5_s50_100.fasta	None	Ichneumonidae	BLAST	family	221	798	Culicidae,Braconidae,Ichneumonidae,Lycaenidae	BGLIB873-24_r_1.5_s_100	Stenomacrus caudatus	2
14	22	data/BGE00410_MGE-BGE_r1_1.3_1.5_s50_100.fasta	None	Ichneumonidae	BLAST	family	656	1566	Ichneumonidae	BGLIB874-24_r_1_s_50	Stenomacrus curvicaudatus	0
5	8	data/BGE00410_MGE-BGE_r1_1.3_1.5_s50_100.fasta	None	Ichneumonidae	BLAST	family	656	1527	Ichneumonidae	BGLIB874-24_r_1_s_100	Stenomacrus curvicaudatus	0
3	3	data/BGE00410_MGE-BGE_r1_1.3_1.5_s50_100.fasta	None	Ichneumonidae	BLAST	family	656	1554	Ichneumonidae	BGLIB874-24_r_1.3_s_50	Stenomacrus curvicaudatus	0
5	5	data/BGE00410_MGE-BGE_r1_1.3_1.5_s50_100.fasta	None	Ichneumonidae	BLAST	family	656	1527	Ichneumonidae	BGLIB874-24_r_1.3_s_100	Stenomacrus curvicaudatus	0
4	4	data/BGE00410_MGE-BGE_r1_1.3_1.5_s50_100.fasta	None	Ichneumonidae	BLAST	family	596	1482	Ichneumonidae	BGLIB874-24_r_1.5_s_50	Stenomacrus curvicaudatus	0
4	4	data/BGE00410_MGE-BGE_r1_1.3_1.5_s50_100.fasta	None	Ichneumonidae	BLAST	family	563	1356	Ichneumonidae	BGLIB874-24_r_1.5_s_100	Stenomacrus curvicaudatus	0
5	10	data/BGE00410_MGE-BGE_r1_1.3_1.5_s50_100.fasta	None	Ichneumonidae	BLAST	family	513	1209	Pamphiliidae,Limacodidae,Noctuidae,Riodinidae,Pyralidae,Geometridae	BGLIB875-24_r_1_s_50	Stenomacrus holmgreni	0
5	8	data/BGE00410_MGE-BGE_r1_1.3_1.5_s50_100.fasta	None	Ichneumonidae	BLAST	family	380	981	Pamphiliidae,Noctuidae,Lycaenidae,Nymphalidae,Pyralidae,Geometridae	BGLIB875-24_r_1_s_100	Stenomacrus holmgreni	0
7	22	data/BGE00410_MGE-BGE_r1_1.3_1.5_s50_100.fasta	None	Ichneumonidae	BLAST	family	513	993	Limacodidae,Noctuidae,Lycaenidae,Nymphalidae,Riodinidae,Pyralidae,Geometridae	BGLIB875-24_r_1.3_s_50	Stenomacrus holmgreni	0
7	10	data/BGE00410_MGE-BGE_r1_1.3_1.5_s50_100.fasta	None	Ichneumonidae	BLAST	family	380	747	Noctuidae,Lycaenidae,Nymphalidae,Riodinidae,Pyralidae,Geometridae	BGLIB875-24_r_1.3_s_100	Stenomacrus holmgreni	0
0	0	data/BGE00410_MGE-BGE_r1_1.3_1.5_s50_100.fasta	None	Ichneumonidae	BLAST	family	372	753	Pamphiliidae,Lycaenidae,Nymphalidae,Pyralidae,Geometridae	BGLIB875-24_r_1.5_s_50	Stenomacrus holmgreni	0
0	0	data/BGE00410_MGE-BGE_r1_1.3_1.5_s50_100.fasta	None	Ichneumonidae	BLAST	family	281	519	Pamphiliidae,Lycaenidae,Nymphalidae,Pyralidae	BGLIB875-24_r_1.5_s_100	Stenomacrus holmgreni	0
22	34	data/BGE00410_MGE-BGE_r1_1.3_1.5_s50_100.fasta	None	Ichneumonidae	BLAST	family	656	1566	Ichneumonidae	BGLIB876-24_r_1_s_50	Stenomacrus laricis	0
15	19	data/BGE00410_MGE-BGE_r1_1.3_1.5_s50_100.fasta	None	Ichneumonidae	BLAST	family	629	1494	Ichneumonidae	BGLIB876-24_r_1_s_100	Stenomacrus laricis	0
2	13	data/BGE00410_MGE-BGE_r1_1.3_1.5_s50_100.fasta	None	Ichneumonidae	BLAST	family	647	1557	Ichneumonidae,Geometridae	BGLIB876-24_r_1.3_s_50	Stenomacrus laricis	0
4	5	data/BGE00410_MGE-BGE_r1_1.3_1.5_s50_100.fasta	None	Ichneumonidae	BLAST	family	590	1455	Ichneumonidae	BGLIB876-24_r_1.3_s_100	Stenomacrus laricis	0
2	3	data/BGE00410_MGE-BGE_r1_1.3_1.5_s50_100.fasta	None	Ichneumonidae	BLAST	family	557	1404	Ichneumonidae	BGLIB876-24_r_1.5_s_50	Stenomacrus laricis	0
3	4	data/BGE00410_MGE-BGE_r1_1.3_1.5_s50_100.fasta	None	Ichneumonidae	BLAST	family	557	1263	Ichneumonidae	BGLIB876-24_r_1.5_s_100	Stenomacrus laricis	0
0	0	data/BGE00410_MGE-BGE_r1_1.3_1.5_s50_100.fasta	None	Ichneumonidae	BLAST	family	657	1566	Ichneumonidae	BGLIB877-24_r_1_s_50	Stenomacrus palustris	0
0	0	data/BGE00410_MGE-BGE_r1_1.3_1.5_s50_100.fasta	None	Ichneumonidae	BLAST	family	657	1527	Ichneumonidae	BGLIB877-24_r_1_s_100	Stenomacrus palustris	0
0	0	data/BGE00410_MGE-BGE_r1_1.3_1.5_s50_100.fasta	None	Ichneumonidae	BLAST	family	657	1566	Ichneumonidae	BGLIB877-24_r_1.3_s_50	Stenomacrus palustris	0
0	0	data/BGE00410_MGE-BGE_r1_1.3_1.5_s50_100.fasta	None	Ichneumonidae	BLAST	family	657	1527	Ichneumonidae	BGLIB877-24_r_1.3_s_100	Stenomacrus palustris	0
0	0	data/BGE00410_MGE-BGE_r1_1.3_1.5_s50_100.fasta	None	Ichneumonidae	BLAST	family	618	1515	Ichneumonidae	BGLIB877-24_r_1.5_s_50	Stenomacrus palustris	0
0	0	data/BGE00410_MGE-BGE_r1_1.3_1.5_s50_100.fasta	None	Ichneumonidae	BLAST	family	618	1431	Ichneumonidae	BGLIB877-24_r_1.5_s_100	Stenomacrus palustris	0
0	1	data/BGE00410_MGE-BGE_r1_1.3_1.5_s50_100.fasta	None	Ichneumonidae	BLAST	family	657	1566	Ichneumonidae	BGLIB878-24_r_1_s_50	Stenomacrus silvaticus	0
0	0	data/BGE00410_MGE-BGE_r1_1.3_1.5_s50_100.fasta	None	Ichneumonidae	BLAST	family	657	1527	Ichneumonidae	BGLIB878-24_r_1_s_100	Stenomacrus silvaticus	0
0	1	data/BGE00410_MGE-BGE_r1_1.3_1.5_s50_100.fasta	None	Ichneumonidae	BLAST	family	657	1566	Ichneumonidae	BGLIB878-24_r_1.3_s_50	Stenomacrus silvaticus	0
0	0	data/BGE00410_MGE-BGE_r1_1.3_1.5_s50_100.fasta	None	Ichneumonidae	BLAST	family	657	1527	Ichneumonidae	BGLIB878-24_r_1.3_s_100	Stenomacrus silvaticus	0
0	0	data/BGE00410_MGE-BGE_r1_1.3_1.5_s50_100.fasta	None	Ichneumonidae	BLAST	family	657	1557	Ichneumonidae	BGLIB878-24_r_1.5_s_50	Stenomacrus silvaticus	0
0	0	data/BGE00410_MGE-BGE_r1_1.3_1.5_s50_100.fasta	None	Ichneumonidae	BLAST	family	657	1515	Ichneumonidae	BGLIB878-24_r_1.5_s_100	Stenomacrus silvaticus	0
0	17	data/BGE00410_MGE-BGE_r1_1.3_1.5_s50_100.fasta	None	Ichneumonidae	BLAST	family	656	1536	Tettigoniidae,Acrididae,Ninidae,Curculionidae,Bostrichidae,Ptinidae,Vespidae,Tetracampidae	BGLIB879-24_r_1_s_50	Clistopyga rufator	0
0	0	data/BGE00410_MGE-BGE_r1_1.3_1.5_s50_100.fasta	None	Ichneumonidae	BLAST	family	656	1437	Tettigoniidae,Acrididae,Ninidae,Curculionidae,Bostrichidae,Ptinidae,Vespidae,Tetracampidae	BGLIB879-24_r_1_s_100	Clistopyga rufator	0
1	6	data/BGE00410_MGE-BGE_r1_1.3_1.5_s50_100.fasta	None	Ichneumonidae	BLAST	family	650	1518	Tettigoniidae,Acrididae,Reduviidae,Ulidiidae,Vespidae,Tetracampidae	BGLIB879-24_r_1.3_s_50	Clistopyga rufator	0
0	0	data/BGE00410_MGE-BGE_r1_1.3_1.5_s50_100.fasta	None	Ichneumonidae	BLAST	family	641	1419	Tettigoniidae,Acrididae,Reduviidae,Ulidiidae,Vespidae,Tetracampidae	BGLIB879-24_r_1.3_s_100	Clistopyga rufator	0
8	11	data/BGE00410_MGE-BGE_r1_1.3_1.5_s50_100.fasta	None	Ichneumonidae	BLAST	family	500	1332	Tettigoniidae,Acrididae,Reduviidae,Tephritidae,Ulidiidae,Vespidae	BGLIB879-24_r_1.5_s_50	Clistopyga rufator	0
0	0	data/BGE00410_MGE-BGE_r1_1.3_1.5_s50_100.fasta	None	Ichneumonidae	BLAST	family	455	1161	Acrididae,Reduviidae	BGLIB879-24_r_1.5_s_100	Clistopyga rufator	0
0	2	data/BGE00410_MGE-BGE_r1_1.3_1.5_s50_100.fasta	None	Ichneumonidae	BLAST	family	657	1542	Ichneumonidae	BGLIB880-24_r_1_s_50	Tersilochus quercetorum	0
0	0	data/BGE00410_MGE-BGE_r1_1.3_1.5_s50_100.fasta	None	Ichneumonidae	BLAST	family	657	1536	Ichneumonidae	BGLIB880-24_r_1_s_100	Tersilochus quercetorum	0
0	0	data/BGE00410_MGE-BGE_r1_1.3_1.5_s50_100.fasta	None	Ichneumonidae	BLAST	family	657	1536	Ichneumonidae	BGLIB880-24_r_1.3_s_50	Tersilochus quercetorum	0
0	0	data/BGE00410_MGE-BGE_r1_1.3_1.5_s50_100.fasta	None	Ichneumonidae	BLAST	family	657	1536	Ichneumonidae	BGLIB880-24_r_1.3_s_100	Tersilochus quercetorum	0
0	0	data/BGE00410_MGE-BGE_r1_1.3_1.5_s50_100.fasta	None	Ichneumonidae	BLAST	family	654	1524	Ichneumonidae	BGLIB880-24_r_1.5_s_50	Tersilochus quercetorum	0
0	0	data/BGE00410_MGE-BGE_r1_1.3_1.5_s50_100.fasta	None	Ichneumonidae	BLAST	family	654	1521	Ichneumonidae	BGLIB880-24_r_1.5_s_100	Tersilochus quercetorum	0
0	0	data/BGE00410_MGE-BGE_r1_1.3_1.5_s50_100.fasta	None	Ichneumonidae	BLAST	family	657	1542	Ichneumonidae	BGLIB881-24_r_1_s_50	Tersilochus thuringiacus	0
0	0	data/BGE00410_MGE-BGE_r1_1.3_1.5_s50_100.fasta	None	Ichneumonidae	BLAST	family	657	1542	Ichneumonidae	BGLIB881-24_r_1_s_100	Tersilochus thuringiacus	0
0	0	data/BGE00410_MGE-BGE_r1_1.3_1.5_s50_100.fasta	None	Ichneumonidae	BLAST	family	657	1542	Ichneumonidae	BGLIB881-24_r_1.3_s_50	Tersilochus thuringiacus	0
0	0	data/BGE00410_MGE-BGE_r1_1.3_1.5_s50_100.fasta	None	Ichneumonidae	BLAST	family	657	1542	Ichneumonidae	BGLIB881-24_r_1.3_s_100	Tersilochus thuringiacus	0
0	0	data/BGE00410_MGE-BGE_r1_1.3_1.5_s50_100.fasta	None	Ichneumonidae	BLAST	family	657	1542	Ichneumonidae	BGLIB881-24_r_1.5_s_50	Tersilochus thuringiacus	0
0	0	data/BGE00410_MGE-BGE_r1_1.3_1.5_s50_100.fasta	None	Ichneumonidae	BLAST	family	657	1542	Ichneumonidae	BGLIB881-24_r_1.5_s_100	Tersilochus thuringiacus	0
6	12	data/BGE00410_MGE-BGE_r1_1.3_1.5_s50_100.fasta	None	Pamphiliidae	BLAST	family	657	1527	Pamphiliidae	BGLIB882-24_r_1_s_50	Pamphilius betulae	0
7	11	data/BGE00410_MGE-BGE_r1_1.3_1.5_s50_100.fasta	None	Pamphiliidae	BLAST	family	657	1527	Pamphiliidae	BGLIB882-24_r_1_s_100	Pamphilius betulae	0
3	9	data/BGE00410_MGE-BGE_r1_1.3_1.5_s50_100.fasta	None	Pamphiliidae	BLAST	family	657	1527	Pamphiliidae	BGLIB882-24_r_1.3_s_50	Pamphilius betulae	0
6	10	data/BGE00410_MGE-BGE_r1_1.3_1.5_s50_100.fasta	None	Pamphiliidae	BLAST	family	657	1527	Pamphiliidae	BGLIB882-24_r_1.3_s_100	Pamphilius betulae	0
1	5	data/BGE00410_MGE-BGE_r1_1.3_1.5_s50_100.fasta	None	Pamphiliidae	BLAST	family	570	1425	Pamphiliidae	BGLIB882-24_r_1.5_s_50	Pamphilius betulae	0
6	9	data/BGE00410_MGE-BGE_r1_1.3_1.5_s50_100.fasta	None	Pamphiliidae	BLAST	family	570	1266	Pamphiliidae	BGLIB882-24_r_1.5_s_100	Pamphilius betulae	0
0	0	data/BGE00410_MGE-BGE_r1_1.3_1.5_s50_100.fasta	None	Cimbicidae	BLAST	family	657	1530	Cimbicidae	BGLIB883-24_r_1_s_50	Cimbex fagi	0
0	0	data/BGE00410_MGE-BGE_r1_1.3_1.5_s50_100.fasta	None	Cimbicidae	BLAST	family	657	1530	Cimbicidae	BGLIB883-24_r_1_s_100	Cimbex fagi	0
0	0	data/BGE00410_MGE-BGE_r1_1.3_1.5_s50_100.fasta	None	Cimbicidae	BLAST	family	657	1530	Cimbicidae	BGLIB883-24_r_1.3_s_50	Cimbex fagi	0
0	0	data/BGE00410_MGE-BGE_r1_1.3_1.5_s50_100.fasta	None	Cimbicidae	BLAST	family	657	1530	Cimbicidae	BGLIB883-24_r_1.3_s_100	Cimbex fagi	0
0	0	data/BGE00410_MGE-BGE_r1_1.3_1.5_s50_100.fasta	None	Cimbicidae	BLAST	family	657	1530	Cimbicidae	BGLIB883-24_r_1.5_s_50	Cimbex fagi	0
0	0	data/BGE00410_MGE-BGE_r1_1.3_1.5_s50_100.fasta	None	Cimbicidae	BLAST	family	657	1530	Cimbicidae	BGLIB883-24_r_1.5_s_100	Cimbex fagi	0
13	21	data/BGE00410_MGE-BGE_r1_1.3_1.5_s50_100.fasta	None	Tenthredinidae	BLAST	family	570	1431	Tenthredinidae	BGLIB884-24_r_1_s_50	Caliroa varipes	0
0	3	data/BGE00410_MGE-BGE_r1_1.3_1.5_s50_100.fasta	None	Tenthredinidae	BLAST	family	436	1170	Calliphoridae,Tachinidae,Stratiomyidae,Tenthredinidae	BGLIB884-24_r_1_s_100	Caliroa varipes	1
0	0	data/BGE00410_MGE-BGE_r1_1.3_1.5_s50_100.fasta	None	Tenthredinidae	BLAST	family	533	1395	Tenthredinidae	BGLIB884-24_r_1.3_s_50	Caliroa varipes	0
0	1	data/BGE00410_MGE-BGE_r1_1.3_1.5_s50_100.fasta	None	Tenthredinidae	BLAST	family	379	1038	Tenthredinidae	BGLIB884-24_r_1.3_s_100	Caliroa varipes	1
0	0	data/BGE00410_MGE-BGE_r1_1.3_1.5_s50_100.fasta	None	Tenthredinidae	BLAST	family	337	1026	Tenthredinidae	BGLIB884-24_r_1.5_s_50	Caliroa varipes	0
0	0	data/BGE00410_MGE-BGE_r1_1.3_1.5_s50_100.fasta	None	Tenthredinidae	BLAST	family	256	666	Tenthredinidae	BGLIB884-24_r_1.5_s_100	Caliroa varipes	0
5	6	data/BGE00410_MGE-BGE_r1_1.3_1.5_s50_100.fasta	None	Tenthredinidae	BLAST	family	657	1533	Tenthredinidae	BGLIB885-24_r_1_s_50	Euura histrio	0
16	16	data/BGE00410_MGE-BGE_r1_1.3_1.5_s50_100.fasta	None	Tenthredinidae	BLAST	family	579	1410	Tenthredinidae	BGLIB885-24_r_1_s_100	Euura histrio	0
0	1	data/BGE00410_MGE-BGE_r1_1.3_1.5_s50_100.fasta	None	Tenthredinidae	BLAST	family	657	1533	Tenthredinidae	BGLIB885-24_r_1.3_s_50	Euura histrio	0
3	3	data/BGE00410_MGE-BGE_r1_1.3_1.5_s50_100.fasta	None	Tenthredinidae	BLAST	family	570	1308	Tenthredinidae	BGLIB885-24_r_1.3_s_100	Euura histrio	0
0	0	data/BGE00410_MGE-BGE_r1_1.3_1.5_s50_100.fasta	None	Tenthredinidae	BLAST	family	657	1533	Tenthredinidae	BGLIB885-24_r_1.5_s_50	Euura histrio	0
0	0	data/BGE00410_MGE-BGE_r1_1.3_1.5_s50_100.fasta	None	Tenthredinidae	BLAST	family	513	1251	Tenthredinidae	BGLIB885-24_r_1.5_s_100	Euura histrio	0
34	84	data/BGE00410_MGE-BGE_r1_1.3_1.5_s50_100.fasta	None	Tenthredinidae	BLAST	family	623	1485	Tenthredinidae	BGLIB886-24_r_1_s_50	Euura longiserra	0
18	51	data/BGE00410_MGE-BGE_r1_1.3_1.5_s50_100.fasta	None	Tenthredinidae	BLAST	family	455	1011	Tettigoniidae,Ninidae,Cicadellidae,Drosophilidae,Tephritidae,Ulidiidae,Vespidae,Erebidae	BGLIB886-24_r_1_s_100	Euura longiserra	0
5	33	data/BGE00410_MGE-BGE_r1_1.3_1.5_s50_100.fasta	None	Tenthredinidae	BLAST	family	618	1437	Tenthredinidae	BGLIB886-24_r_1.3_s_50	Euura longiserra	0
1	33	data/BGE00410_MGE-BGE_r1_1.3_1.5_s50_100.fasta	None	Tenthredinidae	BLAST	family	455	663	Tettigoniidae,Syrphidae,Ulidiidae,Vespidae,Lycaenidae	BGLIB886-24_r_1.3_s_100	Euura longiserra	0
2	9	data/BGE00410_MGE-BGE_r1_1.3_1.5_s50_100.fasta	None	Tenthredinidae	BLAST	family	480	1107	Tenthredinidae	BGLIB886-24_r_1.5_s_50	Euura longiserra	0
1	1	data/BGE00410_MGE-BGE_r1_1.3_1.5_s50_100.fasta	None	Tenthredinidae	BLAST	family	354	396	Tettigoniidae,Cicadellidae,Syrphidae,Ulidiidae,Vespidae,Lycaenidae	BGLIB886-24_r_1.5_s_100	Euura longiserra	2
0	4	data/BGE00410_MGE-BGE_r1_1.3_1.5_s50_100.fasta	None	Tenthredinidae	BLAST	family	657	1554	Tenthredinidae	BGLIB887-24_r_1_s_50	Nematus alniastri	0
0	0	data/BGE00410_MGE-BGE_r1_1.3_1.5_s50_100.fasta	None	Tenthredinidae	BLAST	family	657	1533	Tenthredinidae	BGLIB887-24_r_1_s_100	Nematus alniastri	0
0	0	data/BGE00410_MGE-BGE_r1_1.3_1.5_s50_100.fasta	None	Tenthredinidae	BLAST	family	657	1554	Tenthredinidae	BGLIB887-24_r_1.3_s_50	Nematus alniastri	0
0	0	data/BGE00410_MGE-BGE_r1_1.3_1.5_s50_100.fasta	None	Tenthredinidae	BLAST	family	657	1533	Tenthredinidae	BGLIB887-24_r_1.3_s_100	Nematus alniastri	0
0	0	data/BGE00410_MGE-BGE_r1_1.3_1.5_s50_100.fasta	None	Tenthredinidae	BLAST	family	657	1554	Tenthredinidae	BGLIB887-24_r_1.5_s_50	Nematus alniastri	0
0	0	data/BGE00410_MGE-BGE_r1_1.3_1.5_s50_100.fasta	None	Tenthredinidae	BLAST	family	657	1533	Tenthredinidae	BGLIB887-24_r_1.5_s_100	Nematus alniastri	0
0	1	data/BGE00410_MGE-BGE_r1_1.3_1.5_s50_100.fasta	None	Tenthredinidae	BLAST	family	657	1551	Tenthredinidae	BGLIB888-24_r_1_s_50	Nematus septentrionalis	0
0	0	data/BGE00410_MGE-BGE_r1_1.3_1.5_s50_100.fasta	None	Tenthredinidae	BLAST	family	657	1542	Tenthredinidae	BGLIB888-24_r_1_s_100	Nematus septentrionalis	0
0	1	data/BGE00410_MGE-BGE_r1_1.3_1.5_s50_100.fasta	None	Tenthredinidae	BLAST	family	657	1551	Tenthredinidae	BGLIB888-24_r_1.3_s_50	Nematus septentrionalis	0
0	0	data/BGE00410_MGE-BGE_r1_1.3_1.5_s50_100.fasta	None	Tenthredinidae	BLAST	family	657	1542	Tenthredinidae	BGLIB888-24_r_1.3_s_100	Nematus septentrionalis	0
0	0	data/BGE00410_MGE-BGE_r1_1.3_1.5_s50_100.fasta	None	Tenthredinidae	BLAST	family	657	1533	Tenthredinidae	BGLIB888-24_r_1.5_s_50	Nematus septentrionalis	0
0	0	data/BGE00410_MGE-BGE_r1_1.3_1.5_s50_100.fasta	None	Tenthredinidae	BLAST	family	657	1533	Tenthredinidae	BGLIB888-24_r_1.5_s_100	Nematus septentrionalis	0
24	47	data/BGE00410_MGE-BGE_r1_1.3_1.5_s50_100.fasta	None	Tenthredinidae	BLAST	family	657	1554	Tenthredinidae	BGLIB889-24_r_1_s_50	Nematus septentrionalis	0
20	25	data/BGE00410_MGE-BGE_r1_1.3_1.5_s50_100.fasta	None	Tenthredinidae	BLAST	family	657	1524	Tenthredinidae,Diprionidae	BGLIB889-24_r_1_s_100	Nematus septentrionalis	0
3	6	data/BGE00410_MGE-BGE_r1_1.3_1.5_s50_100.fasta	None	Tenthredinidae	BLAST	family	657	1554	Tenthredinidae	BGLIB889-24_r_1.3_s_50	Nematus septentrionalis	0
2	2	data/BGE00410_MGE-BGE_r1_1.3_1.5_s50_100.fasta	None	Tenthredinidae	BLAST	family	657	1524	Tenthredinidae	BGLIB889-24_r_1.3_s_100	Nematus septentrionalis	0
0	1	data/BGE00410_MGE-BGE_r1_1.3_1.5_s50_100.fasta	None	Tenthredinidae	BLAST	family	657	1554	Tenthredinidae	BGLIB889-24_r_1.5_s_50	Nematus septentrionalis	0
1	2	data/BGE00410_MGE-BGE_r1_1.3_1.5_s50_100.fasta	None	Tenthredinidae	BLAST	family	657	1524	Tenthredinidae	BGLIB889-24_r_1.5_s_100	Nematus septentrionalis	0
0	0	data/BGE00410_MGE-BGE_r1_1.3_1.5_s50_100.fasta	None	Tenthredinidae	BLAST	family	656	1536	Tenthredinidae	BGLIB890-24_r_1_s_50	Euura bergmanni	0
0	0	data/BGE00410_MGE-BGE_r1_1.3_1.5_s50_100.fasta	None	Tenthredinidae	BLAST	family	656	1533	Tenthredinidae	BGLIB890-24_r_1_s_100	Euura bergmanni	0
0	0	data/BGE00410_MGE-BGE_r1_1.3_1.5_s50_100.fasta	None	Tenthredinidae	BLAST	family	656	1533	Tenthredinidae	BGLIB890-24_r_1.3_s_50	Euura bergmanni	0
0	0	data/BGE00410_MGE-BGE_r1_1.3_1.5_s50_100.fasta	None	Tenthredinidae	BLAST	family	656	1533	Tenthredinidae	BGLIB890-24_r_1.3_s_100	Euura bergmanni	0
0	0	data/BGE00410_MGE-BGE_r1_1.3_1.5_s50_100.fasta	None	Tenthredinidae	BLAST	family	656	1533	Tenthredinidae	BGLIB890-24_r_1.5_s_50	Euura bergmanni	0
0	0	data/BGE00410_MGE-BGE_r1_1.3_1.5_s50_100.fasta	None	Tenthredinidae	BLAST	family	656	1533	Tenthredinidae	BGLIB890-24_r_1.5_s_100	Euura bergmanni	0
0	0	data/BGE00410_MGE-BGE_r1_1.3_1.5_s50_100.fasta	None	Tenthredinidae	BLAST	family	657	1536	Tenthredinidae	BGLIB891-24_r_1_s_50	Euura bipartita	0
0	0	data/BGE00410_MGE-BGE_r1_1.3_1.5_s50_100.fasta	None	Tenthredinidae	BLAST	family	657	1533	Tenthredinidae	BGLIB891-24_r_1_s_100	Euura bipartita	0
0	0	data/BGE00410_MGE-BGE_r1_1.3_1.5_s50_100.fasta	None	Tenthredinidae	BLAST	family	657	1536	Tenthredinidae	BGLIB891-24_r_1.3_s_50	Euura bipartita	0
0	0	data/BGE00410_MGE-BGE_r1_1.3_1.5_s50_100.fasta	None	Tenthredinidae	BLAST	family	657	1533	Tenthredinidae	BGLIB891-24_r_1.3_s_100	Euura bipartita	0
0	0	data/BGE00410_MGE-BGE_r1_1.3_1.5_s50_100.fasta	None	Tenthredinidae	BLAST	family	657	1533	Tenthredinidae	BGLIB891-24_r_1.5_s_50	Euura bipartita	0
0	0	data/BGE00410_MGE-BGE_r1_1.3_1.5_s50_100.fasta	None	Tenthredinidae	BLAST	family	657	1533	Tenthredinidae	BGLIB891-24_r_1.5_s_100	Euura bipartita	0
25	57	data/BGE00410_MGE-BGE_r1_1.3_1.5_s50_100.fasta	None	Tenthredinidae	BLAST	family	657	1524	Drosophilidae,Tenthredinidae	BGLIB892-24_r_1_s_50	Euura caeruleocarpus	0
21	58	data/BGE00410_MGE-BGE_r1_1.3_1.5_s50_100.fasta	None	Tenthredinidae	BLAST	family	657	1491	Tenthredinidae	BGLIB892-24_r_1_s_100	Euura caeruleocarpus	0
14	22	data/BGE00410_MGE-BGE_r1_1.3_1.5_s50_100.fasta	None	Tenthredinidae	BLAST	family	657	1488	Tenthredinidae	BGLIB892-24_r_1.3_s_50	Euura caeruleocarpus	0
14	21	data/BGE00410_MGE-BGE_r1_1.3_1.5_s50_100.fasta	None	Tenthredinidae	BLAST	family	612	1419	Tenthredinidae	BGLIB892-24_r_1.3_s_100	Euura caeruleocarpus	0
2	4	data/BGE00410_MGE-BGE_r1_1.3_1.5_s50_100.fasta	None	Tenthredinidae	BLAST	family	609	1440	Tenthredinidae	BGLIB892-24_r_1.5_s_50	Euura caeruleocarpus	0
2	3	data/BGE00410_MGE-BGE_r1_1.3_1.5_s50_100.fasta	None	Tenthredinidae	BLAST	family	555	1362	Tenthredinidae	BGLIB892-24_r_1.5_s_100	Euura caeruleocarpus	0
0	0	data/BGE00410_MGE-BGE_r1_1.3_1.5_s50_100.fasta	None	Tenthredinidae	BLAST	family	657	1536	Tenthredinidae	BGLIB893-24_r_1_s_50	Euura hypoxantha	0
0	0	data/BGE00410_MGE-BGE_r1_1.3_1.5_s50_100.fasta	None	Tenthredinidae	BLAST	family	657	1536	Tenthredinidae	BGLIB893-24_r_1_s_100	Euura hypoxantha	0
0	0	data/BGE00410_MGE-BGE_r1_1.3_1.5_s50_100.fasta	None	Tenthredinidae	BLAST	family	657	1536	Tenthredinidae	BGLIB893-24_r_1.3_s_50	Euura hypoxantha	0
0	0	data/BGE00410_MGE-BGE_r1_1.3_1.5_s50_100.fasta	None	Tenthredinidae	BLAST	family	657	1536	Tenthredinidae	BGLIB893-24_r_1.3_s_100	Euura hypoxantha	0
0	0	data/BGE00410_MGE-BGE_r1_1.3_1.5_s50_100.fasta	None	Tenthredinidae	BLAST	family	657	1536	Tenthredinidae	BGLIB893-24_r_1.5_s_50	Euura hypoxantha	0
0	0	data/BGE00410_MGE-BGE_r1_1.3_1.5_s50_100.fasta	None	Tenthredinidae	BLAST	family	657	1536	Tenthredinidae	BGLIB893-24_r_1.5_s_100	Euura hypoxantha	0
0	0	data/BGE00410_MGE-BGE_r1_1.3_1.5_s50_100.fasta	None	Tenthredinidae	BLAST	family	657	1536	Tenthredinidae	BGLIB894-24_r_1_s_50	Euura incompleta	0
0	0	data/BGE00410_MGE-BGE_r1_1.3_1.5_s50_100.fasta	None	Tenthredinidae	BLAST	family	657	1536	Tenthredinidae	BGLIB894-24_r_1_s_100	Euura incompleta	0
0	0	data/BGE00410_MGE-BGE_r1_1.3_1.5_s50_100.fasta	None	Tenthredinidae	BLAST	family	657	1536	Tenthredinidae	BGLIB894-24_r_1.3_s_50	Euura incompleta	0
0	0	data/BGE00410_MGE-BGE_r1_1.3_1.5_s50_100.fasta	None	Tenthredinidae	BLAST	family	657	1536	Tenthredinidae	BGLIB894-24_r_1.3_s_100	Euura incompleta	0
0	0	data/BGE00410_MGE-BGE_r1_1.3_1.5_s50_100.fasta	None	Tenthredinidae	BLAST	family	657	1536	Tenthredinidae	BGLIB894-24_r_1.5_s_50	Euura incompleta	0
0	0	data/BGE00410_MGE-BGE_r1_1.3_1.5_s50_100.fasta	None	Tenthredinidae	BLAST	family	657	1536	Tenthredinidae	BGLIB894-24_r_1.5_s_100	Euura incompleta	0
0	0	data/BGE00410_MGE-BGE_r1_1.3_1.5_s50_100.fasta	None	Tenthredinidae	BLAST	family	657	1536	Tenthredinidae	BGLIB895-24_r_1_s_50	Euura myosotidis	0
0	0	data/BGE00410_MGE-BGE_r1_1.3_1.5_s50_100.fasta	None	Tenthredinidae	BLAST	family	657	1536	Tenthredinidae	BGLIB895-24_r_1_s_100	Euura myosotidis	0
0	0	data/BGE00410_MGE-BGE_r1_1.3_1.5_s50_100.fasta	None	Tenthredinidae	BLAST	family	657	1536	Tenthredinidae	BGLIB895-24_r_1.3_s_50	Euura myosotidis	0
0	0	data/BGE00410_MGE-BGE_r1_1.3_1.5_s50_100.fasta	None	Tenthredinidae	BLAST	family	657	1536	Tenthredinidae	BGLIB895-24_r_1.3_s_100	Euura myosotidis	0
0	0	data/BGE00410_MGE-BGE_r1_1.3_1.5_s50_100.fasta	None	Tenthredinidae	BLAST	family	657	1536	Tenthredinidae	BGLIB895-24_r_1.5_s_50	Euura myosotidis	0
0	0	data/BGE00410_MGE-BGE_r1_1.3_1.5_s50_100.fasta	None	Tenthredinidae	BLAST	family	657	1536	Tenthredinidae	BGLIB895-24_r_1.5_s_100	Euura myosotidis	0
28	33	data/BGE00410_MGE-BGE_r1_1.3_1.5_s50_100.fasta	None	Tenthredinidae	BLAST	family	656	1512	Drosophilidae,Sarcophagidae,Tenthredinidae	BGLIB896-24_r_1_s_50	Euura ribesii	0
29	38	data/BGE00410_MGE-BGE_r1_1.3_1.5_s50_100.fasta	None	Tenthredinidae	BLAST	family	657	1512	Tenthredinidae	BGLIB896-24_r_1_s_100	Euura ribesii	0
12	14	data/BGE00410_MGE-BGE_r1_1.3_1.5_s50_100.fasta	None	Tenthredinidae	BLAST	family	657	1512	Tenthredinidae	BGLIB896-24_r_1.3_s_50	Euura ribesii	0
14	20	data/BGE00410_MGE-BGE_r1_1.3_1.5_s50_100.fasta	None	Tenthredinidae	BLAST	family	657	1506	Tenthredinidae	BGLIB896-24_r_1.3_s_100	Euura ribesii	0
7	8	data/BGE00410_MGE-BGE_r1_1.3_1.5_s50_100.fasta	None	Tenthredinidae	BLAST	family	596	1452	Tenthredinidae	BGLIB896-24_r_1.5_s_50	Euura ribesii	0
7	8	data/BGE00410_MGE-BGE_r1_1.3_1.5_s50_100.fasta	None	Tenthredinidae	BLAST	family	576	1425	Tenthredinidae	BGLIB896-24_r_1.5_s_100	Euura ribesii	0
0	0	data/BGE00410_MGE-BGE_r1_1.3_1.5_s50_100.fasta	None	Tenthredinidae	BLAST	family	657	1536	Tenthredinidae	BGLIB897-24_r_1_s_50	Euura clitellata	0
0	0	data/BGE00410_MGE-BGE_r1_1.3_1.5_s50_100.fasta	None	Tenthredinidae	BLAST	family	657	1536	Tenthredinidae	BGLIB897-24_r_1_s_100	Euura clitellata	0
0	0	data/BGE00410_MGE-BGE_r1_1.3_1.5_s50_100.fasta	None	Tenthredinidae	BLAST	family	657	1536	Tenthredinidae	BGLIB897-24_r_1.3_s_50	Euura clitellata	0
0	0	data/BGE00410_MGE-BGE_r1_1.3_1.5_s50_100.fasta	None	Tenthredinidae	BLAST	family	657	1536	Tenthredinidae	BGLIB897-24_r_1.3_s_100	Euura clitellata	0
0	0	data/BGE00410_MGE-BGE_r1_1.3_1.5_s50_100.fasta	None	Tenthredinidae	BLAST	family	657	1536	Tenthredinidae	BGLIB897-24_r_1.5_s_50	Euura clitellata	0
0	0	data/BGE00410_MGE-BGE_r1_1.3_1.5_s50_100.fasta	None	Tenthredinidae	BLAST	family	657	1536	Tenthredinidae	BGLIB897-24_r_1.5_s_100	Euura clitellata	0
17	37	data/BGE00410_MGE-BGE_r1_1.3_1.5_s50_100.fasta	None	Tenthredinidae	BLAST	family	657	1530	Tenthredinidae	BGLIB898-24_r_1_s_50	Euura montana	0
26	39	data/BGE00410_MGE-BGE_r1_1.3_1.5_s50_100.fasta	None	Tenthredinidae	BLAST	family	656	1488	Tenthredinidae	BGLIB898-24_r_1_s_100	Euura montana	0
6	10	data/BGE00410_MGE-BGE_r1_1.3_1.5_s50_100.fasta	None	Tenthredinidae	BLAST	family	657	1530	Tenthredinidae	BGLIB898-24_r_1.3_s_50	Euura montana	0
22	22	data/BGE00410_MGE-BGE_r1_1.3_1.5_s50_100.fasta	None	Tenthredinidae	BLAST	family	644	1452	Tenthredinidae	BGLIB898-24_r_1.3_s_100	Euura montana	0
2	4	data/BGE00410_MGE-BGE_r1_1.3_1.5_s50_100.fasta	None	Tenthredinidae	BLAST	family	657	1530	Tenthredinidae	BGLIB898-24_r_1.5_s_50	Euura montana	0
5	5	data/BGE00410_MGE-BGE_r1_1.3_1.5_s50_100.fasta	None	Tenthredinidae	BLAST	family	638	1425	Tenthredinidae	BGLIB898-24_r_1.5_s_100	Euura montana	0
1	2	data/BGE00410_MGE-BGE_r1_1.3_1.5_s50_100.fasta	None	Tenthredinidae	BLAST	family	657	1536	Tenthredinidae	BGLIB899-24_r_1_s_50	Euura obducta	0
0	2	data/BGE00410_MGE-BGE_r1_1.3_1.5_s50_100.fasta	None	Tenthredinidae	BLAST	family	657	1533	Tenthredinidae	BGLIB899-24_r_1_s_100	Euura obducta	0
1	2	data/BGE00410_MGE-BGE_r1_1.3_1.5_s50_100.fasta	None	Tenthredinidae	BLAST	family	657	1536	Tenthredinidae	BGLIB899-24_r_1.3_s_50	Euura obducta	0
0	2	data/BGE00410_MGE-BGE_r1_1.3_1.5_s50_100.fasta	None	Tenthredinidae	BLAST	family	657	1533	Tenthredinidae	BGLIB899-24_r_1.3_s_100	Euura obducta	0
1	2	data/BGE00410_MGE-BGE_r1_1.3_1.5_s50_100.fasta	None	Tenthredinidae	BLAST	family	657	1533	Tenthredinidae	BGLIB899-24_r_1.5_s_50	Euura obducta	0
0	2	data/BGE00410_MGE-BGE_r1_1.3_1.5_s50_100.fasta	None	Tenthredinidae	BLAST	family	657	1533	Tenthredinidae	BGLIB899-24_r_1.5_s_100	Euura obducta	0
0	4	data/BGE00410_MGE-BGE_r1_1.3_1.5_s50_100.fasta	None	Tenthredinidae	BLAST	family	656	1536	Tenthredinidae	BGLIB900-24_r_1_s_50	Euura scutellata	0
0	0	data/BGE00410_MGE-BGE_r1_1.3_1.5_s50_100.fasta	None	Tenthredinidae	BLAST	family	656	1536	Tenthredinidae	BGLIB900-24_r_1_s_100	Euura scutellata	0
0	0	data/BGE00410_MGE-BGE_r1_1.3_1.5_s50_100.fasta	None	Tenthredinidae	BLAST	family	656	1536	Tenthredinidae	BGLIB900-24_r_1.3_s_50	Euura scutellata	0
0	0	data/BGE00410_MGE-BGE_r1_1.3_1.5_s50_100.fasta	None	Tenthredinidae	BLAST	family	656	1536	Tenthredinidae	BGLIB900-24_r_1.3_s_100	Euura scutellata	0
0	0	data/BGE00410_MGE-BGE_r1_1.3_1.5_s50_100.fasta	None	Tenthredinidae	BLAST	family	656	1536	Tenthredinidae	BGLIB900-24_r_1.5_s_50	Euura scutellata	0
0	0	data/BGE00410_MGE-BGE_r1_1.3_1.5_s50_100.fasta	None	Tenthredinidae	BLAST	family	656	1536	Tenthredinidae	BGLIB900-24_r_1.5_s_100	Euura scutellata	0
1	1	data/BGE00410_MGE-BGE_r1_1.3_1.5_s50_100.fasta	None	Tenthredinidae	BLAST	family	657	1536	Tenthredinidae	BGLIB901-24_r_1_s_50	Euura vaga	0
1	1	data/BGE00410_MGE-BGE_r1_1.3_1.5_s50_100.fasta	None	Tenthredinidae	BLAST	family	657	1536	Tenthredinidae	BGLIB901-24_r_1_s_100	Euura vaga	0
0	0	data/BGE00410_MGE-BGE_r1_1.3_1.5_s50_100.fasta	None	Tenthredinidae	BLAST	family	657	1536	Tenthredinidae	BGLIB901-24_r_1.3_s_50	Euura vaga	0
0	0	data/BGE00410_MGE-BGE_r1_1.3_1.5_s50_100.fasta	None	Tenthredinidae	BLAST	family	657	1536	Tenthredinidae	BGLIB901-24_r_1.3_s_100	Euura vaga	0
0	0	data/BGE00410_MGE-BGE_r1_1.3_1.5_s50_100.fasta	None	Tenthredinidae	BLAST	family	657	1536	Tenthredinidae	BGLIB901-24_r_1.5_s_50	Euura vaga	0
0	0	data/BGE00410_MGE-BGE_r1_1.3_1.5_s50_100.fasta	None	Tenthredinidae	BLAST	family	657	1536	Tenthredinidae	BGLIB901-24_r_1.5_s_100	Euura vaga	0
44	51	data/BGE00410_MGE-BGE_r1_1.3_1.5_s50_100.fasta	None	Tenthredinidae	BLAST	family	614	1383	Chironomidae,Tenthredinidae	BGLIB902-24_r_1_s_50	Euura collactanea	0
39	41	data/BGE00410_MGE-BGE_r1_1.3_1.5_s50_100.fasta	None	Tenthredinidae	BLAST	family	507	1200	Nemouridae,Cicadellidae,Tenthredinidae,Saturniidae,Raphidiidae	BGLIB902-24_r_1_s_100	Euura collactanea	0
30	32	data/BGE00410_MGE-BGE_r1_1.3_1.5_s50_100.fasta	None	Tenthredinidae	BLAST	family	545	1140	Tenthredinidae	BGLIB902-24_r_1.3_s_50	Euura collactanea	0
27	29	data/BGE00410_MGE-BGE_r1_1.3_1.5_s50_100.fasta	None	Tenthredinidae	BLAST	family	456	825	Cicadellidae,Staphylinidae,Syrphidae,Tenthredinidae,Raphidiidae	BGLIB902-24_r_1.3_s_100	Euura collactanea	0
3	5	data/BGE00410_MGE-BGE_r1_1.3_1.5_s50_100.fasta	None	Tenthredinidae	BLAST	family	512	1059	Scarabaeidae,Pipunculidae,Tenthredinidae,Diprionidae	BGLIB902-24_r_1.5_s_50	Euura collactanea	0
2	4	data/BGE00410_MGE-BGE_r1_1.3_1.5_s50_100.fasta	None	Tenthredinidae	BLAST	family	366	693	Bothrideridae,Lycaenidae	BGLIB902-24_r_1.5_s_100	Euura collactanea	0
0	0	data/BGE00410_MGE-BGE_r1_1.3_1.5_s50_100.fasta	None	Tenthredinidae	BLAST	family	657	1536	Tenthredinidae	BGLIB903-24_r_1_s_50	Euura joergenseni	0
0	0	data/BGE00410_MGE-BGE_r1_1.3_1.5_s50_100.fasta	None	Tenthredinidae	BLAST	family	657	1536	Tenthredinidae	BGLIB903-24_r_1_s_100	Euura joergenseni	0
0	0	data/BGE00410_MGE-BGE_r1_1.3_1.5_s50_100.fasta	None	Tenthredinidae	BLAST	family	657	1536	Tenthredinidae	BGLIB903-24_r_1.3_s_50	Euura joergenseni	0
0	0	data/BGE00410_MGE-BGE_r1_1.3_1.5_s50_100.fasta	None	Tenthredinidae	BLAST	family	657	1536	Tenthredinidae	BGLIB903-24_r_1.3_s_100	Euura joergenseni	0
0	0	data/BGE00410_MGE-BGE_r1_1.3_1.5_s50_100.fasta	None	Tenthredinidae	BLAST	family	657	1536	Tenthredinidae	BGLIB903-24_r_1.5_s_50	Euura joergenseni	0
0	0	data/BGE00410_MGE-BGE_r1_1.3_1.5_s50_100.fasta	None	Tenthredinidae	BLAST	family	657	1536	Tenthredinidae	BGLIB903-24_r_1.5_s_100	Euura joergenseni	0
0	0	data/BGE00410_MGE-BGE_r1_1.3_1.5_s50_100.fasta	None	Tenthredinidae	BLAST	family	657	1536	Tenthredinidae	BGLIB904-24_r_1_s_50	Euura vesicator	0
0	0	data/BGE00410_MGE-BGE_r1_1.3_1.5_s50_100.fasta	None	Tenthredinidae	BLAST	family	657	1536	Tenthredinidae	BGLIB904-24_r_1_s_100	Euura vesicator	0
0	0	data/BGE00410_MGE-BGE_r1_1.3_1.5_s50_100.fasta	None	Tenthredinidae	BLAST	family	657	1536	Tenthredinidae	BGLIB904-24_r_1.3_s_50	Euura vesicator	0
0	0	data/BGE00410_MGE-BGE_r1_1.3_1.5_s50_100.fasta	None	Tenthredinidae	BLAST	family	657	1536	Tenthredinidae	BGLIB904-24_r_1.3_s_100	Euura vesicator	0
0	0	data/BGE00410_MGE-BGE_r1_1.3_1.5_s50_100.fasta	None	Tenthredinidae	BLAST	family	657	1536	Tenthredinidae	BGLIB904-24_r_1.5_s_50	Euura vesicator	0
0	0	data/BGE00410_MGE-BGE_r1_1.3_1.5_s50_100.fasta	None	Tenthredinidae	BLAST	family	657	1536	Tenthredinidae	BGLIB904-24_r_1.5_s_100	Euura vesicator	0
20	52	data/BGE00410_MGE-BGE_r1_1.3_1.5_s50_100.fasta	None	Tenthredinidae	BLAST	family	413	909	Staphylinidae,Mycetophilidae	BGLIB905-24_r_1_s_50	Euura viminalis	0
19	24	data/BGE00410_MGE-BGE_r1_1.3_1.5_s50_100.fasta	None	Tenthredinidae	BLAST	family	413	786	Staphylinidae,Mordellidae,Chrysomelidae,Scatopsidae	BGLIB905-24_r_1_s_100	Euura viminalis	0
16	24	data/BGE00410_MGE-BGE_r1_1.3_1.5_s50_100.fasta	None	Tenthredinidae	BLAST	family	302	399	Curculionidae	BGLIB905-24_r_1.3_s_50	Euura viminalis	0
16	17	data/BGE00410_MGE-BGE_r1_1.3_1.5_s50_100.fasta	None	Tenthredinidae	BLAST	family	272	342	Curculionidae	BGLIB905-24_r_1.3_s_100	Euura viminalis	0
12	19	data/BGE00410_MGE-BGE_r1_1.3_1.5_s50_100.fasta	None	Tenthredinidae	BLAST	family	195	243	Delphacidae,Chrysomelidae,Curculionidae,Formicidae	BGLIB905-24_r_1.5_s_50	Euura viminalis	2
12	13	data/BGE00410_MGE-BGE_r1_1.3_1.5_s50_100.fasta	None	Tenthredinidae	BLAST	family	121	147	Delphacidae,Chrysomelidae,Curculionidae,Formicidae	BGLIB905-24_r_1.5_s_100	Euura viminalis	0
0	0	data/BGE00410_MGE-BGE_r1_1.3_1.5_s50_100.fasta	None	Tenthredinidae	BLAST	family	657	1536	Tenthredinidae	BGLIB906-24_r_1_s_50	Dolerus gibbosus	0
1	2	data/BGE00410_MGE-BGE_r1_1.3_1.5_s50_100.fasta	None	Tenthredinidae	BLAST	family	657	1494	Tenthredinidae	BGLIB906-24_r_1_s_100	Dolerus gibbosus	0
0	0	data/BGE00410_MGE-BGE_r1_1.3_1.5_s50_100.fasta	None	Tenthredinidae	BLAST	family	657	1533	Tenthredinidae	BGLIB906-24_r_1.3_s_50	Dolerus gibbosus	0
0	0	data/BGE00410_MGE-BGE_r1_1.3_1.5_s50_100.fasta	None	Tenthredinidae	BLAST	family	657	1479	Tenthredinidae	BGLIB906-24_r_1.3_s_100	Dolerus gibbosus	0
0	0	data/BGE00410_MGE-BGE_r1_1.3_1.5_s50_100.fasta	None	Tenthredinidae	BLAST	family	630	1326	Tenthredinidae	BGLIB906-24_r_1.5_s_50	Dolerus gibbosus	0
0	0	data/BGE00410_MGE-BGE_r1_1.3_1.5_s50_100.fasta	None	Tenthredinidae	BLAST	family	588	1233	Tenthredinidae	BGLIB906-24_r_1.5_s_100	Dolerus gibbosus	0
0	0	data/BGE00410_MGE-BGE_r1_1.3_1.5_s50_100.fasta	None	Tenthredinidae	BLAST	family	657	1557	Tenthredinidae	BGLIB907-24_r_1_s_50	Dolerus gibbosus	0
0	2	data/BGE00410_MGE-BGE_r1_1.3_1.5_s50_100.fasta	None	Tenthredinidae	BLAST	family	657	1557	Tenthredinidae	BGLIB907-24_r_1_s_100	Dolerus gibbosus	0
0	0	data/BGE00410_MGE-BGE_r1_1.3_1.5_s50_100.fasta	None	Tenthredinidae	BLAST	family	657	1548	Tenthredinidae	BGLIB907-24_r_1.3_s_50	Dolerus gibbosus	0
0	2	data/BGE00410_MGE-BGE_r1_1.3_1.5_s50_100.fasta	None	Tenthredinidae	BLAST	family	657	1548	Tenthredinidae	BGLIB907-24_r_1.3_s_100	Dolerus gibbosus	0
0	0	data/BGE00410_MGE-BGE_r1_1.3_1.5_s50_100.fasta	None	Tenthredinidae	BLAST	family	648	1434	Tenthredinidae	BGLIB907-24_r_1.5_s_50	Dolerus gibbosus	0
0	0	data/BGE00410_MGE-BGE_r1_1.3_1.5_s50_100.fasta	None	Tenthredinidae	BLAST	family	648	1371	Tenthredinidae	BGLIB907-24_r_1.5_s_100	Dolerus gibbosus	0
3	22	data/BGE00410_MGE-BGE_r1_1.3_1.5_s50_100.fasta	None	Tenthredinidae	BLAST	family	656	1530	Tenthredinidae,Lycaenidae,Crambidae	BGLIB908-24_r_1_s_50	Euura proxima	0
9	12	data/BGE00410_MGE-BGE_r1_1.3_1.5_s50_100.fasta	None	Tenthredinidae	BLAST	family	656	1530	Acrididae,Cleridae,Curculionidae,Tephritidae,Piophilidae,Tenthredinidae	BGLIB908-24_r_1_s_100	Euura proxima	0
4	5	data/BGE00410_MGE-BGE_r1_1.3_1.5_s50_100.fasta	None	Tenthredinidae	BLAST	family	656	1530	Tenthredinidae	BGLIB908-24_r_1.3_s_50	Euura proxima	0
4	4	data/BGE00410_MGE-BGE_r1_1.3_1.5_s50_100.fasta	None	Tenthredinidae	BLAST	family	656	1530	Tenthredinidae	BGLIB908-24_r_1.3_s_100	Euura proxima	0
0	0	data/BGE00410_MGE-BGE_r1_1.3_1.5_s50_100.fasta	None	Tenthredinidae	BLAST	family	656	1530	Tenthredinidae	BGLIB908-24_r_1.5_s_50	Euura proxima	0
0	0	data/BGE00410_MGE-BGE_r1_1.3_1.5_s50_100.fasta	None	Tenthredinidae	BLAST	family	656	1530	Tenthredinidae	BGLIB908-24_r_1.5_s_100	Euura proxima	0
0	0	data/BGE00410_MGE-BGE_r1_1.3_1.5_s50_100.fasta	None	Cimbicidae	BLAST	family	657	1536	Cimbicidae	BGLIB909-24_r_1_s_50	Abia lonicerae	0
0	0	data/BGE00410_MGE-BGE_r1_1.3_1.5_s50_100.fasta	None	Cimbicidae	BLAST	family	654	1533	Cimbicidae	BGLIB909-24_r_1_s_100	Abia lonicerae	0
0	0	data/BGE00410_MGE-BGE_r1_1.3_1.5_s50_100.fasta	None	Cimbicidae	BLAST	family	654	1530	Cimbicidae	BGLIB909-24_r_1.3_s_50	Abia lonicerae	0
0	0	data/BGE00410_MGE-BGE_r1_1.3_1.5_s50_100.fasta	None	Cimbicidae	BLAST	family	654	1530	Cimbicidae	BGLIB909-24_r_1.3_s_100	Abia lonicerae	0
0	0	data/BGE00410_MGE-BGE_r1_1.3_1.5_s50_100.fasta	None	Cimbicidae	BLAST	family	654	1530	Cimbicidae	BGLIB909-24_r_1.5_s_50	Abia lonicerae	0
0	0	data/BGE00410_MGE-BGE_r1_1.3_1.5_s50_100.fasta	None	Cimbicidae	BLAST	family	654	1530	Cimbicidae	BGLIB909-24_r_1.5_s_100	Abia lonicerae	0
37	38	data/BGE00410_MGE-BGE_r1_1.3_1.5_s50_100.fasta	None	Tenthredinidae	BLAST	family	472	1341	Tenthredinidae	BGLIB910-24_r_1_s_50	Euura flavescens	0
34	35	data/BGE00410_MGE-BGE_r1_1.3_1.5_s50_100.fasta	None	Tenthredinidae	BLAST	family	413	1245	Cecidomyiidae,Tenthredinidae	BGLIB910-24_r_1_s_100	Euura flavescens	0
19	20	data/BGE00410_MGE-BGE_r1_1.3_1.5_s50_100.fasta	None	Tenthredinidae	BLAST	family	323	672	Tenthredinidae	BGLIB910-24_r_1.3_s_50	Euura flavescens	0
17	18	data/BGE00410_MGE-BGE_r1_1.3_1.5_s50_100.fasta	None	Tenthredinidae	BLAST	family	321	558	Scarabaeidae,Passalidae,Coccinellidae,Chironomidae,Chrysopidae	BGLIB910-24_r_1.3_s_100	Euura flavescens	0
8	8	data/BGE00410_MGE-BGE_r1_1.3_1.5_s50_100.fasta	None	Tenthredinidae	BLAST	family	245	375	Cryptocercidae,Staphylinidae,Buprestidae,Mordellidae,Cerambycidae,Formicidae	BGLIB910-24_r_1.5_s_50	Euura flavescens	0
8	8	data/BGE00410_MGE-BGE_r1_1.3_1.5_s50_100.fasta	None	Tenthredinidae	BLAST	family	127	213	Staphylinidae,Buprestidae,Mordellidae,Cerambycidae,Syrphidae,Formicidae	BGLIB910-24_r_1.5_s_100	Euura flavescens	0
19	21	data/BGE00410_MGE-BGE_r1_1.3_1.5_s50_100.fasta	None	Tenthredinidae	BLAST	family	645	1494	Tenthredinidae	BGLIB911-24_r_1_s_50	Euura leucotrocha	0
19	20	data/BGE00410_MGE-BGE_r1_1.3_1.5_s50_100.fasta	None	Tenthredinidae	BLAST	family	376	1137	Tenthredinidae	BGLIB911-24_r_1_s_100	Euura leucotrocha	0
8	8	data/BGE00410_MGE-BGE_r1_1.3_1.5_s50_100.fasta	None	Tenthredinidae	BLAST	family	609	1386	Tenthredinidae	BGLIB911-24_r_1.3_s_50	Euura leucotrocha	0
5	5	data/BGE00410_MGE-BGE_r1_1.3_1.5_s50_100.fasta	None	Tenthredinidae	BLAST	family	349	939	Tenthredinidae	BGLIB911-24_r_1.3_s_100	Euura leucotrocha	0
7	7	data/BGE00410_MGE-BGE_r1_1.3_1.5_s50_100.fasta	None	Tenthredinidae	BLAST	family	588	1296	Tenthredinidae	BGLIB911-24_r_1.5_s_50	Euura leucotrocha	0
3	3	data/BGE00410_MGE-BGE_r1_1.3_1.5_s50_100.fasta	None	Tenthredinidae	BLAST	family	230	723	Tenthredinidae	BGLIB911-24_r_1.5_s_100	Euura leucotrocha	0
0	3	data/BGE00410_MGE-BGE_r1_1.3_1.5_s50_100.fasta	None	Tenthredinidae	BLAST	family	657	1536	Tenthredinidae	BGLIB912-24_r_1_s_50	Euura melanocephalus	0
0	2	data/BGE00410_MGE-BGE_r1_1.3_1.5_s50_100.fasta	None	Tenthredinidae	BLAST	family	657	1536	Tenthredinidae	BGLIB912-24_r_1_s_100	Euura melanocephalus	0
0	1	data/BGE00410_MGE-BGE_r1_1.3_1.5_s50_100.fasta	None	Tenthredinidae	BLAST	family	657	1536	Tenthredinidae	BGLIB912-24_r_1.3_s_50	Euura melanocephalus	0
0	0	data/BGE00410_MGE-BGE_r1_1.3_1.5_s50_100.fasta	None	Tenthredinidae	BLAST	family	657	1536	Tenthredinidae	BGLIB912-24_r_1.3_s_100	Euura melanocephalus	0
0	0	data/BGE00410_MGE-BGE_r1_1.3_1.5_s50_100.fasta	None	Tenthredinidae	BLAST	family	657	1536	Tenthredinidae	BGLIB912-24_r_1.5_s_50	Euura melanocephalus	0
0	0	data/BGE00410_MGE-BGE_r1_1.3_1.5_s50_100.fasta	None	Tenthredinidae	BLAST	family	657	1536	Tenthredinidae	BGLIB912-24_r_1.5_s_100	Euura melanocephalus	0
35	66	data/BGE00410_MGE-BGE_r1_1.3_1.5_s50_100.fasta	None	Tenthredinidae	BLAST	family	497	1278	Tenthredinidae	BGLIB913-24_r_1_s_50	Euura nigricornis	0
29	51	data/BGE00410_MGE-BGE_r1_1.3_1.5_s50_100.fasta	None	Tenthredinidae	BLAST	family	410	1044	Tenthredinidae	BGLIB913-24_r_1_s_100	Euura nigricornis	0
17	27	data/BGE00410_MGE-BGE_r1_1.3_1.5_s50_100.fasta	None	Tenthredinidae	BLAST	family	357	1068	Tenthredinidae,Notodontidae,Nymphalidae,Geometridae	BGLIB913-24_r_1.3_s_50	Euura nigricornis	0
14	14	data/BGE00410_MGE-BGE_r1_1.3_1.5_s50_100.fasta	None	Tenthredinidae	BLAST	family	335	924	Nymphalidae,Crambidae	BGLIB913-24_r_1.3_s_100	Euura nigricornis	0
16	23	data/BGE00410_MGE-BGE_r1_1.3_1.5_s50_100.fasta	None	Tenthredinidae	BLAST	family	234	828	Tenthredinidae	BGLIB913-24_r_1.5_s_50	Euura nigricornis	0
17	19	data/BGE00410_MGE-BGE_r1_1.3_1.5_s50_100.fasta	None	Tenthredinidae	BLAST	family	168	588	Tenthredinidae,Lycaenidae,Crambidae	BGLIB913-24_r_1.5_s_100	Euura nigricornis	0
22	34	data/BGE00410_MGE-BGE_r1_1.3_1.5_s50_100.fasta	None	Tenthredinidae	BLAST	family	657	1524	Tenthredinidae	BGLIB914-24_r_1_s_50	Euura oligospila	0
15	44	data/BGE00410_MGE-BGE_r1_1.3_1.5_s50_100.fasta	None	Tenthredinidae	BLAST	family	654	1476	Tenthredinidae	BGLIB914-24_r_1_s_100	Euura oligospila	0
14	19	data/BGE00410_MGE-BGE_r1_1.3_1.5_s50_100.fasta	None	Tenthredinidae	BLAST	family	657	1506	Tenthredinidae	BGLIB914-24_r_1.3_s_50	Euura oligospila	0
19	23	data/BGE00410_MGE-BGE_r1_1.3_1.5_s50_100.fasta	None	Tenthredinidae	BLAST	family	627	1449	Tenthredinidae	BGLIB914-24_r_1.3_s_100	Euura oligospila	0
1	3	data/BGE00410_MGE-BGE_r1_1.3_1.5_s50_100.fasta	None	Tenthredinidae	BLAST	family	645	1494	Tenthredinidae	BGLIB914-24_r_1.5_s_50	Euura oligospila	0
4	11	data/BGE00410_MGE-BGE_r1_1.3_1.5_s50_100.fasta	None	Tenthredinidae	BLAST	family	627	1449	Tenthredinidae	BGLIB914-24_r_1.5_s_100	Euura oligospila	0
7	11	data/BGE00410_MGE-BGE_r1_1.3_1.5_s50_100.fasta	None	Tenthredinidae	BLAST	family	657	1536	Tenthredinidae	BGLIB915-24_r_1_s_50	Euura poecilonota	0
11	12	data/BGE00410_MGE-BGE_r1_1.3_1.5_s50_100.fasta	None	Tenthredinidae	BLAST	family	657	1521	Tenthredinidae	BGLIB915-24_r_1_s_100	Euura poecilonota	1
7	9	data/BGE00410_MGE-BGE_r1_1.3_1.5_s50_100.fasta	None	Tenthredinidae	BLAST	family	657	1536	Tenthredinidae	BGLIB915-24_r_1.3_s_50	Euura poecilonota	0
4	5	data/BGE00410_MGE-BGE_r1_1.3_1.5_s50_100.fasta	None	Tenthredinidae	BLAST	family	657	1521	Tenthredinidae	BGLIB915-24_r_1.3_s_100	Euura poecilonota	1
2	2	data/BGE00410_MGE-BGE_r1_1.3_1.5_s50_100.fasta	None	Tenthredinidae	BLAST	family	657	1536	Tenthredinidae	BGLIB915-24_r_1.5_s_50	Euura poecilonota	0
3	4	data/BGE00410_MGE-BGE_r1_1.3_1.5_s50_100.fasta	None	Tenthredinidae	BLAST	family	657	1521	Tenthredinidae	BGLIB915-24_r_1.5_s_100	Euura poecilonota	1
0	0	data/BGE00410_MGE-BGE_r1_1.3_1.5_s50_100.fasta	None	Tenthredinidae	BLAST	family	657	1536	Tenthredinidae	BGLIB916-24_r_1_s_50	Euura salicis	0
0	2	data/BGE00410_MGE-BGE_r1_1.3_1.5_s50_100.fasta	None	Tenthredinidae	BLAST	family	657	1536	Tenthredinidae	BGLIB916-24_r_1_s_100	Euura salicis	0
0	0	data/BGE00410_MGE-BGE_r1_1.3_1.5_s50_100.fasta	None	Tenthredinidae	BLAST	family	657	1533	Tenthredinidae	BGLIB916-24_r_1.3_s_50	Euura salicis	0
0	0	data/BGE00410_MGE-BGE_r1_1.3_1.5_s50_100.fasta	None	Tenthredinidae	BLAST	family	657	1533	Tenthredinidae	BGLIB916-24_r_1.3_s_100	Euura salicis	0
0	0	data/BGE00410_MGE-BGE_r1_1.3_1.5_s50_100.fasta	None	Tenthredinidae	BLAST	family	657	1524	Tenthredinidae	BGLIB916-24_r_1.5_s_50	Euura salicis	0
0	0	data/BGE00410_MGE-BGE_r1_1.3_1.5_s50_100.fasta	None	Tenthredinidae	BLAST	family	657	1524	Tenthredinidae	BGLIB916-24_r_1.5_s_100	Euura salicis	0
30	50	data/BGE00410_MGE-BGE_r1_1.3_1.5_s50_100.fasta	None	Tenthredinidae	BLAST	family	656	1536	Tenthredinidae	BGLIB917-24_r_1_s_50	Euura stichi	0
23	31	data/BGE00410_MGE-BGE_r1_1.3_1.5_s50_100.fasta	None	Tenthredinidae	BLAST	family	551	1401	Tenthredinidae	BGLIB917-24_r_1_s_100	Euura stichi	0
19	20	data/BGE00410_MGE-BGE_r1_1.3_1.5_s50_100.fasta	None	Tenthredinidae	BLAST	family	656	1536	Tenthredinidae	BGLIB917-24_r_1.3_s_50	Euura stichi	0
16	16	data/BGE00410_MGE-BGE_r1_1.3_1.5_s50_100.fasta	None	Tenthredinidae	BLAST	family	551	1401	Tenthredinidae	BGLIB917-24_r_1.3_s_100	Euura stichi	0
6	9	data/BGE00410_MGE-BGE_r1_1.3_1.5_s50_100.fasta	None	Tenthredinidae	BLAST	family	635	1503	Tenthredinidae	BGLIB917-24_r_1.5_s_50	Euura stichi	0
11	12	data/BGE00410_MGE-BGE_r1_1.3_1.5_s50_100.fasta	None	Tenthredinidae	BLAST	family	551	1341	Tenthredinidae	BGLIB917-24_r_1.5_s_100	Euura stichi	0
0	0	data/BGE00410_MGE-BGE_r1_1.3_1.5_s50_100.fasta	None	Tenthredinidae	BLAST	family	657	1533	Tenthredinidae	BGLIB918-24_r_1_s_50	Euura tibialis	0
0	0	data/BGE00410_MGE-BGE_r1_1.3_1.5_s50_100.fasta	None	Tenthredinidae	BLAST	family	657	1533	Tenthredinidae	BGLIB918-24_r_1_s_100	Euura tibialis	0
0	0	data/BGE00410_MGE-BGE_r1_1.3_1.5_s50_100.fasta	None	Tenthredinidae	BLAST	family	657	1533	Tenthredinidae	BGLIB918-24_r_1.3_s_50	Euura tibialis	0
0	0	data/BGE00410_MGE-BGE_r1_1.3_1.5_s50_100.fasta	None	Tenthredinidae	BLAST	family	657	1533	Tenthredinidae	BGLIB918-24_r_1.3_s_100	Euura tibialis	0
0	0	data/BGE00410_MGE-BGE_r1_1.3_1.5_s50_100.fasta	None	Tenthredinidae	BLAST	family	657	1533	Tenthredinidae	BGLIB918-24_r_1.5_s_50	Euura tibialis	0
0	0	data/BGE00410_MGE-BGE_r1_1.3_1.5_s50_100.fasta	None	Tenthredinidae	BLAST	family	657	1533	Tenthredinidae	BGLIB918-24_r_1.5_s_100	Euura tibialis	0
20	22	data/BGE00410_MGE-BGE_r1_1.3_1.5_s50_100.fasta	None	Cephidae	BLAST	family	631	1497	Scarabaeidae,Cephidae,Erebidae,Papilionidae	BGLIB919-24_r_1_s_50	Janus compressus	0
7	26	data/BGE00410_MGE-BGE_r1_1.3_1.5_s50_100.fasta	None	Cephidae	BLAST	family	260	1182	Culicidae,Cephidae,Noctuidae,Papilionidae	BGLIB919-24_r_1_s_100	Janus compressus	0
0	0	data/BGE00410_MGE-BGE_r1_1.3_1.5_s50_100.fasta	None	Cephidae	BLAST	family	613	1449	Staphylinidae,Cephidae,Tortricidae	BGLIB919-24_r_1.3_s_50	Janus compressus	0
1	3	data/BGE00410_MGE-BGE_r1_1.3_1.5_s50_100.fasta	None	Cephidae	BLAST	family	255	1092	Cephidae,Erebidae,Papilionidae,Nymphalidae,Crambidae,Geometridae	BGLIB919-24_r_1.3_s_100	Janus compressus	0
0	0	data/BGE00410_MGE-BGE_r1_1.3_1.5_s50_100.fasta	None	Cephidae	BLAST	family	583	1419	Staphylinidae,Mycetophilidae,Cephidae	BGLIB919-24_r_1.5_s_50	Janus compressus	0
0	2	data/BGE00410_MGE-BGE_r1_1.3_1.5_s50_100.fasta	None	Cephidae	BLAST	family	224	1047	Cephidae,Limacodidae,Noctuidae,Lycaenidae,Nymphalidae,Geometridae	BGLIB919-24_r_1.5_s_100	Janus compressus	0
28	29	data/BGE00410_MGE-BGE_r1_1.3_1.5_s50_100.fasta	None	Cephidae	BLAST	family	478	825	Tenthredinidae,Cephidae	BGLIB920-24_r_1_s_50	Janus femoratus	0
28	29	data/BGE00410_MGE-BGE_r1_1.3_1.5_s50_100.fasta	None	Cephidae	BLAST	family	443	717		BGLIB920-24_r_1_s_100	Janus femoratus	0
23	24	data/BGE00410_MGE-BGE_r1_1.3_1.5_s50_100.fasta	None	Cephidae	BLAST	family	398	507	Panorpidae,Lycaenidae,Pyralidae	BGLIB920-24_r_1.3_s_50	Janus femoratus	0
5	6	data/BGE00410_MGE-BGE_r1_1.3_1.5_s50_100.fasta	None	Cephidae	BLAST	family	363	399	Panorpidae,Lycaenidae,Pyralidae	BGLIB920-24_r_1.3_s_100	Janus femoratus	0
0	2	data/BGE00410_MGE-BGE_r1_1.3_1.5_s50_100.fasta	None	Cephidae	BLAST	family	122	222	Chrysomelidae,Braconidae,Apidae,Lycaenidae,Pyralidae,Hesperiidae	BGLIB920-24_r_1.5_s_50	Janus femoratus	0
0	2	data/BGE00410_MGE-BGE_r1_1.3_1.5_s50_100.fasta	None	Cephidae	BLAST	family	122	159	Braconidae,Apidae,Lycaenidae,Pyralidae,Hesperiidae	BGLIB920-24_r_1.5_s_100	Janus femoratus	0
12	23	data/BGE00410_MGE-BGE_r1_1.3_1.5_s50_100.fasta	None	Gasteruptiidae	BLAST	family	656	1464	Gasteruptiidae	BGLIB921-24_r_1_s_50	Gasteruption pedemontanum	0
3	16	data/BGE00410_MGE-BGE_r1_1.3_1.5_s50_100.fasta	None	Gasteruptiidae	BLAST	family	632	1188	Braconidae,Gasteruptiidae,Agaonidae,Aphelinidae,Chrysopidae	BGLIB921-24_r_1_s_100	Gasteruption pedemontanum	0
2	2	data/BGE00410_MGE-BGE_r1_1.3_1.5_s50_100.fasta	None	Gasteruptiidae	BLAST	family	657	1449	Gasteruptiidae	BGLIB921-24_r_1.3_s_50	Gasteruption pedemontanum	0
4	9	data/BGE00410_MGE-BGE_r1_1.3_1.5_s50_100.fasta	None	Gasteruptiidae	BLAST	family	636	1107	Gasteruptiidae	BGLIB921-24_r_1.3_s_100	Gasteruption pedemontanum	0
2	2	data/BGE00410_MGE-BGE_r1_1.3_1.5_s50_100.fasta	None	Gasteruptiidae	BLAST	family	657	1422	Gasteruptiidae	BGLIB921-24_r_1.5_s_50	Gasteruption pedemontanum	0
4	9	data/BGE00410_MGE-BGE_r1_1.3_1.5_s50_100.fasta	None	Gasteruptiidae	BLAST	family	552	1023	Gasteruptiidae	BGLIB921-24_r_1.5_s_100	Gasteruption pedemontanum	0
10	19	data/BGE00410_MGE-BGE_r1_1.3_1.5_s50_100.fasta	None	Gasteruptiidae	BLAST	family	657	1533	Braconidae,Gasteruptiidae	BGLIB922-24_r_1_s_50	Gasteruption pedemontanum	0
17	25	data/BGE00410_MGE-BGE_r1_1.3_1.5_s50_100.fasta	None	Gasteruptiidae	BLAST	family	657	1533	Braconidae,Gasteruptiidae	BGLIB922-24_r_1_s_100	Gasteruption pedemontanum	0
0	0	data/BGE00410_MGE-BGE_r1_1.3_1.5_s50_100.fasta	None	Gasteruptiidae	BLAST	family	657	1533	Braconidae,Gasteruptiidae	BGLIB922-24_r_1.3_s_50	Gasteruption pedemontanum	0
0	0	data/BGE00410_MGE-BGE_r1_1.3_1.5_s50_100.fasta	None	Gasteruptiidae	BLAST	family	657	1533	Braconidae,Gasteruptiidae	BGLIB922-24_r_1.3_s_100	Gasteruption pedemontanum	0
0	0	data/BGE00410_MGE-BGE_r1_1.3_1.5_s50_100.fasta	None	Gasteruptiidae	BLAST	family	657	1533	Braconidae,Gasteruptiidae	BGLIB922-24_r_1.5_s_50	Gasteruption pedemontanum	0
0	0	data/BGE00410_MGE-BGE_r1_1.3_1.5_s50_100.fasta	None	Gasteruptiidae	BLAST	family	657	1533	Braconidae,Gasteruptiidae	BGLIB922-24_r_1.5_s_100	Gasteruption pedemontanum	0
0	0	data/BGE00410_MGE-BGE_r1_1.3_1.5_s50_100.fasta	None	Gasteruptiidae	BLAST	family	657	1533	Braconidae,Gasteruptiidae	BGLIB923-24_r_1_s_50	Gasteruption pedemontanum	0
0	0	data/BGE00410_MGE-BGE_r1_1.3_1.5_s50_100.fasta	None	Gasteruptiidae	BLAST	family	657	1533	Braconidae,Gasteruptiidae	BGLIB923-24_r_1_s_100	Gasteruption pedemontanum	0
0	0	data/BGE00410_MGE-BGE_r1_1.3_1.5_s50_100.fasta	None	Gasteruptiidae	BLAST	family	657	1533	Braconidae,Gasteruptiidae	BGLIB923-24_r_1.3_s_50	Gasteruption pedemontanum	0
0	0	data/BGE00410_MGE-BGE_r1_1.3_1.5_s50_100.fasta	None	Gasteruptiidae	BLAST	family	657	1533	Braconidae,Gasteruptiidae	BGLIB923-24_r_1.3_s_100	Gasteruption pedemontanum	0
0	0	data/BGE00410_MGE-BGE_r1_1.3_1.5_s50_100.fasta	None	Gasteruptiidae	BLAST	family	657	1533	Braconidae,Gasteruptiidae	BGLIB923-24_r_1.5_s_50	Gasteruption pedemontanum	0
0	0	data/BGE00410_MGE-BGE_r1_1.3_1.5_s50_100.fasta	None	Gasteruptiidae	BLAST	family	657	1533	Braconidae,Gasteruptiidae	BGLIB923-24_r_1.5_s_100	Gasteruption pedemontanum	0
1	19	data/BGE00410_MGE-BGE_r1_1.3_1.5_s50_100.fasta	None	Sphecidae	BLAST	family	656	1521	Ichneumonidae,Vespidae,Sphecidae,Formicidae	BGLIB924-24_r_1_s_50	Chalybion femoratum	0
2	2	data/BGE00410_MGE-BGE_r1_1.3_1.5_s50_100.fasta	None	Sphecidae	BLAST	family	656	1467	Ichneumonidae,Vespidae,Sphecidae,Formicidae	BGLIB924-24_r_1_s_100	Chalybion femoratum	0
0	4	data/BGE00410_MGE-BGE_r1_1.3_1.5_s50_100.fasta	None	Sphecidae	BLAST	family	611	1476	Discolomatidae,Vespidae,Sphecidae,Crabronidae,Andrenidae,Colletidae	BGLIB924-24_r_1.3_s_50	Chalybion femoratum	0
0	0	data/BGE00410_MGE-BGE_r1_1.3_1.5_s50_100.fasta	None	Sphecidae	BLAST	family	599	1410	Discolomatidae,Ichneumonidae,Vespidae,Sphecidae,Crabronidae,Andrenidae,Colletidae	BGLIB924-24_r_1.3_s_100	Chalybion femoratum	0
0	0	data/BGE00410_MGE-BGE_r1_1.3_1.5_s50_100.fasta	None	Sphecidae	BLAST	family	593	1218	Sphecidae	BGLIB924-24_r_1.5_s_50	Chalybion femoratum	0
0	0	data/BGE00410_MGE-BGE_r1_1.3_1.5_s50_100.fasta	None	Sphecidae	BLAST	family	509	1125	Vespidae,Sphecidae	BGLIB924-24_r_1.5_s_100	Chalybion femoratum	0
36	67	data/BGE00410_MGE-BGE_r1_1.3_1.5_s50_100.fasta	None	Philanthidae	BLAST	family	629	1410	Crabronidae	BGLIB925-24_r_1_s_50	Cerceris fimbriata	0
37	56	data/BGE00410_MGE-BGE_r1_1.3_1.5_s50_100.fasta	None	Philanthidae	BLAST	family	449	1077	Nitidulidae,Phalacridae,Oecophoridae,Lasiocampidae,Erebidae	BGLIB925-24_r_1_s_100	Cerceris fimbriata	0
17	25	data/BGE00410_MGE-BGE_r1_1.3_1.5_s50_100.fasta	None	Philanthidae	BLAST	family	548	1245	Lycidae,Latridiidae,Chironomidae,Phoridae,Drosophilidae,Rhinophoridae,Noctuidae,Geometridae,Chrysopidae	BGLIB925-24_r_1.3_s_50	Cerceris fimbriata	0
15	36	data/BGE00410_MGE-BGE_r1_1.3_1.5_s50_100.fasta	None	Philanthidae	BLAST	family	446	861	Mycetophagidae,Coccinellidae,Latridiidae,Cecidomyiidae,Lasiocampidae,Geometridae	BGLIB925-24_r_1.3_s_100	Cerceris fimbriata	0
6	15	data/BGE00410_MGE-BGE_r1_1.3_1.5_s50_100.fasta	None	Philanthidae	BLAST	family	499	987	Crabronidae	BGLIB925-24_r_1.5_s_50	Cerceris fimbriata	0
2	4	data/BGE00410_MGE-BGE_r1_1.3_1.5_s50_100.fasta	None	Philanthidae	BLAST	family	241	420	Crabronidae	BGLIB925-24_r_1.5_s_100	Cerceris fimbriata	0
6	9	data/BGE00410_MGE-BGE_r1_1.3_1.5_s50_100.fasta	None	Philanthidae	BLAST	family	656	1509	Ichneumonidae,Crabronidae	BGLIB926-24_r_1_s_50	Cerceris tenuivittata	0
2	2	data/BGE00410_MGE-BGE_r1_1.3_1.5_s50_100.fasta	None	Philanthidae	BLAST	family	656	1506	Ichneumonidae,Crabronidae	BGLIB926-24_r_1_s_100	Cerceris tenuivittata	0
1	2	data/BGE00410_MGE-BGE_r1_1.3_1.5_s50_100.fasta	None	Philanthidae	BLAST	family	656	1509	Ichneumonidae,Crabronidae	BGLIB926-24_r_1.3_s_50	Cerceris tenuivittata	0
4	9	data/BGE00410_MGE-BGE_r1_1.3_1.5_s50_100.fasta	None	Philanthidae	BLAST	family	656	1506	Ichneumonidae,Crabronidae	BGLIB926-24_r_1.3_s_100	Cerceris tenuivittata	0
1	1	data/BGE00410_MGE-BGE_r1_1.3_1.5_s50_100.fasta	None	Philanthidae	BLAST	family	653	1464	Ichneumonidae,Crabronidae	BGLIB926-24_r_1.5_s_50	Cerceris tenuivittata	0
1	1	data/BGE00410_MGE-BGE_r1_1.3_1.5_s50_100.fasta	None	Philanthidae	BLAST	family	653	1461	Ichneumonidae,Crabronidae	BGLIB926-24_r_1.5_s_100	Cerceris tenuivittata	0
0	0	data/BGE00410_MGE-BGE_r1_1.3_1.5_s50_100.fasta	None	Braconidae	BLAST	family	655	1536	Braconidae	BGLIB927-24_r_1_s_50	Biosteres haemorrhoeus	0
0	0	data/BGE00410_MGE-BGE_r1_1.3_1.5_s50_100.fasta	None	Braconidae	BLAST	family	655	1536	Braconidae	BGLIB927-24_r_1_s_100	Biosteres haemorrhoeus	0
0	0	data/BGE00410_MGE-BGE_r1_1.3_1.5_s50_100.fasta	None	Braconidae	BLAST	family	655	1518	Braconidae	BGLIB927-24_r_1.3_s_50	Biosteres haemorrhoeus	0
0	0	data/BGE00410_MGE-BGE_r1_1.3_1.5_s50_100.fasta	None	Braconidae	BLAST	family	655	1518	Braconidae	BGLIB927-24_r_1.3_s_100	Biosteres haemorrhoeus	0
0	0	data/BGE00410_MGE-BGE_r1_1.3_1.5_s50_100.fasta	None	Braconidae	BLAST	family	643	1455	Braconidae	BGLIB927-24_r_1.5_s_50	Biosteres haemorrhoeus	0
0	0	data/BGE00410_MGE-BGE_r1_1.3_1.5_s50_100.fasta	None	Braconidae	BLAST	family	643	1377	Braconidae	BGLIB927-24_r_1.5_s_100	Biosteres haemorrhoeus	0
0	0	data/BGE00410_MGE-BGE_r1_1.3_1.5_s50_100.fasta	None	Braconidae	BLAST	family	655	1533	Braconidae	BGLIB928-24_r_1_s_50	Biosteres punctiscuta	0
0	0	data/BGE00410_MGE-BGE_r1_1.3_1.5_s50_100.fasta	None	Braconidae	BLAST	family	655	1533	Braconidae	BGLIB928-24_r_1_s_100	Biosteres punctiscuta	0
0	0	data/BGE00410_MGE-BGE_r1_1.3_1.5_s50_100.fasta	None	Braconidae	BLAST	family	655	1527	Braconidae	BGLIB928-24_r_1.3_s_50	Biosteres punctiscuta	0
0	0	data/BGE00410_MGE-BGE_r1_1.3_1.5_s50_100.fasta	None	Braconidae	BLAST	family	655	1527	Braconidae	BGLIB928-24_r_1.3_s_100	Biosteres punctiscuta	0
0	0	data/BGE00410_MGE-BGE_r1_1.3_1.5_s50_100.fasta	None	Braconidae	BLAST	family	625	1461	Braconidae	BGLIB928-24_r_1.5_s_50	Biosteres punctiscuta	0
0	0	data/BGE00410_MGE-BGE_r1_1.3_1.5_s50_100.fasta	None	Braconidae	BLAST	family	625	1458	Braconidae	BGLIB928-24_r_1.5_s_100	Biosteres punctiscuta	0
35	44	data/BGE00410_MGE-BGE_r1_1.3_1.5_s50_100.fasta	None	Braconidae	BLAST	family	645	1524	Braconidae	BGLIB929-24_r_1_s_50	Biosteres spinaciae	0
24	27	data/BGE00410_MGE-BGE_r1_1.3_1.5_s50_100.fasta	None	Braconidae	BLAST	family	540	1359	Braconidae	BGLIB929-24_r_1_s_100	Biosteres spinaciae	0
16	17	data/BGE00410_MGE-BGE_r1_1.3_1.5_s50_100.fasta	None	Braconidae	BLAST	family	616	1392	Braconidae	BGLIB929-24_r_1.3_s_50	Biosteres spinaciae	0
26	34	data/BGE00410_MGE-BGE_r1_1.3_1.5_s50_100.fasta	None	Braconidae	BLAST	family	540	1275	Braconidae	BGLIB929-24_r_1.3_s_100	Biosteres spinaciae	0
7	8	data/BGE00410_MGE-BGE_r1_1.3_1.5_s50_100.fasta	None	Braconidae	BLAST	family	559	1152	Braconidae	BGLIB929-24_r_1.5_s_50	Biosteres spinaciae	0
6	6	data/BGE00410_MGE-BGE_r1_1.3_1.5_s50_100.fasta	None	Braconidae	BLAST	family	502	1068	Braconidae	BGLIB929-24_r_1.5_s_100	Biosteres spinaciae	0
0	0	data/BGE00410_MGE-BGE_r1_1.3_1.5_s50_100.fasta	None	Braconidae	BLAST	family	655	1533	Braconidae	BGLIB930-24_r_1_s_50	Opius cingulatus	0
0	0	data/BGE00410_MGE-BGE_r1_1.3_1.5_s50_100.fasta	None	Braconidae	BLAST	family	655	1530	Braconidae	BGLIB930-24_r_1_s_100	Opius cingulatus	0
0	0	data/BGE00410_MGE-BGE_r1_1.3_1.5_s50_100.fasta	None	Braconidae	BLAST	family	655	1533	Braconidae	BGLIB930-24_r_1.3_s_50	Opius cingulatus	0
0	0	data/BGE00410_MGE-BGE_r1_1.3_1.5_s50_100.fasta	None	Braconidae	BLAST	family	655	1530	Braconidae	BGLIB930-24_r_1.3_s_100	Opius cingulatus	0
0	0	data/BGE00410_MGE-BGE_r1_1.3_1.5_s50_100.fasta	None	Braconidae	BLAST	family	643	1476	Braconidae	BGLIB930-24_r_1.5_s_50	Opius cingulatus	0
0	0	data/BGE00410_MGE-BGE_r1_1.3_1.5_s50_100.fasta	None	Braconidae	BLAST	family	634	1404	Braconidae	BGLIB930-24_r_1.5_s_100	Opius cingulatus	0
0	0	data/BGE00410_MGE-BGE_r1_1.3_1.5_s50_100.fasta	None	Braconidae	BLAST	family	655	1536	Braconidae	BGLIB931-24_r_1_s_50	Opius pulicariae	0
0	0	data/BGE00410_MGE-BGE_r1_1.3_1.5_s50_100.fasta	None	Braconidae	BLAST	family	655	1536	Braconidae	BGLIB931-24_r_1_s_100	Opius pulicariae	0
0	0	data/BGE00410_MGE-BGE_r1_1.3_1.5_s50_100.fasta	None	Braconidae	BLAST	family	655	1512	Braconidae	BGLIB931-24_r_1.3_s_50	Opius pulicariae	0
0	0	data/BGE00410_MGE-BGE_r1_1.3_1.5_s50_100.fasta	None	Braconidae	BLAST	family	655	1443	Braconidae	BGLIB931-24_r_1.3_s_100	Opius pulicariae	0
0	0	data/BGE00410_MGE-BGE_r1_1.3_1.5_s50_100.fasta	None	Braconidae	BLAST	family	580	1326	Braconidae	BGLIB931-24_r_1.5_s_50	Opius pulicariae	0
1	1	data/BGE00410_MGE-BGE_r1_1.3_1.5_s50_100.fasta	None	Braconidae	BLAST	family	556	1302	Braconidae	BGLIB931-24_r_1.5_s_100	Opius pulicariae	0
0	0	data/BGE00410_MGE-BGE_r1_1.3_1.5_s50_100.fasta	None	Braconidae	BLAST	family	655	1518	Braconidae	BGLIB932-24_r_1_s_50	Opius propodealis	0
0	0	data/BGE00410_MGE-BGE_r1_1.3_1.5_s50_100.fasta	None	Braconidae	BLAST	family	655	1518	Braconidae	BGLIB932-24_r_1_s_100	Opius propodealis	0
0	7	data/BGE00410_MGE-BGE_r1_1.3_1.5_s50_100.fasta	None	Braconidae	BLAST	family	655	1482	Braconidae	BGLIB932-24_r_1.3_s_50	Opius propodealis	0
0	0	data/BGE00410_MGE-BGE_r1_1.3_1.5_s50_100.fasta	None	Braconidae	BLAST	family	643	1413	Braconidae	BGLIB932-24_r_1.3_s_100	Opius propodealis	0
0	0	data/BGE00410_MGE-BGE_r1_1.3_1.5_s50_100.fasta	None	Braconidae	BLAST	family	595	1374	Braconidae	BGLIB932-24_r_1.5_s_50	Opius propodealis	0
0	0	data/BGE00410_MGE-BGE_r1_1.3_1.5_s50_100.fasta	None	Braconidae	BLAST	family	568	1299	Braconidae	BGLIB932-24_r_1.5_s_100	Opius propodealis	0
0	0	data/BGE00410_MGE-BGE_r1_1.3_1.5_s50_100.fasta	None	Braconidae	BLAST	family	655	1536	Braconidae	BGLIB933-24_r_1_s_50	Opius levis	0
0	0	data/BGE00410_MGE-BGE_r1_1.3_1.5_s50_100.fasta	None	Braconidae	BLAST	family	655	1536	Braconidae	BGLIB933-24_r_1_s_100	Opius levis	0
0	2	data/BGE00410_MGE-BGE_r1_1.3_1.5_s50_100.fasta	None	Braconidae	BLAST	family	655	1527	Braconidae	BGLIB933-24_r_1.3_s_50	Opius levis	0
0	0	data/BGE00410_MGE-BGE_r1_1.3_1.5_s50_100.fasta	None	Braconidae	BLAST	family	655	1440	Braconidae	BGLIB933-24_r_1.3_s_100	Opius levis	0
0	3	data/BGE00410_MGE-BGE_r1_1.3_1.5_s50_100.fasta	None	Braconidae	BLAST	family	643	1488	Braconidae	BGLIB933-24_r_1.5_s_50	Opius levis	0
0	0	data/BGE00410_MGE-BGE_r1_1.3_1.5_s50_100.fasta	None	Braconidae	BLAST	family	643	1404	Braconidae	BGLIB933-24_r_1.5_s_100	Opius levis	0
0	1	data/BGE00410_MGE-BGE_r1_1.3_1.5_s50_100.fasta	None	Braconidae	BLAST	family	655	1536	Braconidae	BGLIB934-24_r_1_s_50	Opius truncatus	0
3	3	data/BGE00410_MGE-BGE_r1_1.3_1.5_s50_100.fasta	None	Braconidae	BLAST	family	655	1515	Braconidae	BGLIB934-24_r_1_s_100	Opius truncatus	0
0	1	data/BGE00410_MGE-BGE_r1_1.3_1.5_s50_100.fasta	None	Braconidae	BLAST	family	655	1527	Braconidae	BGLIB934-24_r_1.3_s_50	Opius truncatus	0
0	0	data/BGE00410_MGE-BGE_r1_1.3_1.5_s50_100.fasta	None	Braconidae	BLAST	family	655	1506	Braconidae	BGLIB934-24_r_1.3_s_100	Opius truncatus	0
0	0	data/BGE00410_MGE-BGE_r1_1.3_1.5_s50_100.fasta	None	Braconidae	BLAST	family	604	1374	Braconidae	BGLIB934-24_r_1.5_s_50	Opius truncatus	0
0	2	data/BGE00410_MGE-BGE_r1_1.3_1.5_s50_100.fasta	None	Braconidae	BLAST	family	559	1275	Braconidae	BGLIB934-24_r_1.5_s_100	Opius truncatus	0
0	0	data/BGE00410_MGE-BGE_r1_1.3_1.5_s50_100.fasta	None	Braconidae	BLAST	family	657	1542	Braconidae	BGLIB935-24_r_1_s_50	Microplitis eremitus	0
0	0	data/BGE00410_MGE-BGE_r1_1.3_1.5_s50_100.fasta	None	Braconidae	BLAST	family	657	1542	Braconidae	BGLIB935-24_r_1_s_100	Microplitis eremitus	0
0	0	data/BGE00410_MGE-BGE_r1_1.3_1.5_s50_100.fasta	None	Braconidae	BLAST	family	657	1542	Braconidae	BGLIB935-24_r_1.3_s_50	Microplitis eremitus	0
0	0	data/BGE00410_MGE-BGE_r1_1.3_1.5_s50_100.fasta	None	Braconidae	BLAST	family	657	1542	Braconidae	BGLIB935-24_r_1.3_s_100	Microplitis eremitus	0
0	0	data/BGE00410_MGE-BGE_r1_1.3_1.5_s50_100.fasta	None	Braconidae	BLAST	family	657	1533	Braconidae	BGLIB935-24_r_1.5_s_50	Microplitis eremitus	0
0	0	data/BGE00410_MGE-BGE_r1_1.3_1.5_s50_100.fasta	None	Braconidae	BLAST	family	657	1533	Braconidae	BGLIB935-24_r_1.5_s_100	Microplitis eremitus	0
0	0	data/BGE00410_MGE-BGE_r1_1.3_1.5_s50_100.fasta	None	Braconidae	BLAST	family	657	1542	Braconidae	BGLIB936-24_r_1_s_50	Microplitis hispalensis	0
0	0	data/BGE00410_MGE-BGE_r1_1.3_1.5_s50_100.fasta	None	Braconidae	BLAST	family	657	1542	Braconidae	BGLIB936-24_r_1_s_100	Microplitis hispalensis	0
0	0	data/BGE00410_MGE-BGE_r1_1.3_1.5_s50_100.fasta	None	Braconidae	BLAST	family	657	1542	Braconidae	BGLIB936-24_r_1.3_s_50	Microplitis hispalensis	0
0	0	data/BGE00410_MGE-BGE_r1_1.3_1.5_s50_100.fasta	None	Braconidae	BLAST	family	657	1542	Braconidae	BGLIB936-24_r_1.3_s_100	Microplitis hispalensis	0
0	0	data/BGE00410_MGE-BGE_r1_1.3_1.5_s50_100.fasta	None	Braconidae	BLAST	family	657	1518	Braconidae	BGLIB936-24_r_1.5_s_50	Microplitis hispalensis	0
0	0	data/BGE00410_MGE-BGE_r1_1.3_1.5_s50_100.fasta	None	Braconidae	BLAST	family	657	1518	Braconidae	BGLIB936-24_r_1.5_s_100	Microplitis hispalensis	0
0	0	data/BGE00410_MGE-BGE_r1_1.3_1.5_s50_100.fasta	None	Braconidae	BLAST	family	657	1542	Braconidae	BGLIB937-24_r_1_s_50	Microplitis tuberculifer	0
0	0	data/BGE00410_MGE-BGE_r1_1.3_1.5_s50_100.fasta	None	Braconidae	BLAST	family	657	1542	Braconidae	BGLIB937-24_r_1_s_100	Microplitis tuberculifer	0
0	0	data/BGE00410_MGE-BGE_r1_1.3_1.5_s50_100.fasta	None	Braconidae	BLAST	family	657	1542	Braconidae	BGLIB937-24_r_1.3_s_50	Microplitis tuberculifer	0
0	0	data/BGE00410_MGE-BGE_r1_1.3_1.5_s50_100.fasta	None	Braconidae	BLAST	family	657	1542	Braconidae	BGLIB937-24_r_1.3_s_100	Microplitis tuberculifer	0
0	0	data/BGE00410_MGE-BGE_r1_1.3_1.5_s50_100.fasta	None	Braconidae	BLAST	family	657	1518	Braconidae	BGLIB937-24_r_1.5_s_50	Microplitis tuberculifer	0
0	0	data/BGE00410_MGE-BGE_r1_1.3_1.5_s50_100.fasta	None	Braconidae	BLAST	family	657	1518	Braconidae	BGLIB937-24_r_1.5_s_100	Microplitis tuberculifer	0
0	0	data/BGE00410_MGE-BGE_r1_1.3_1.5_s50_100.fasta	None	Braconidae	BLAST	family	656	1542	Braconidae	BGLIB938-24_r_1_s_50	Microplitis varipes	0
0	0	data/BGE00410_MGE-BGE_r1_1.3_1.5_s50_100.fasta	None	Braconidae	BLAST	family	656	1542	Braconidae	BGLIB938-24_r_1_s_100	Microplitis varipes	0
0	0	data/BGE00410_MGE-BGE_r1_1.3_1.5_s50_100.fasta	None	Braconidae	BLAST	family	656	1542	Braconidae	BGLIB938-24_r_1.3_s_50	Microplitis varipes	0
0	0	data/BGE00410_MGE-BGE_r1_1.3_1.5_s50_100.fasta	None	Braconidae	BLAST	family	656	1542	Braconidae	BGLIB938-24_r_1.3_s_100	Microplitis varipes	0
0	0	data/BGE00410_MGE-BGE_r1_1.3_1.5_s50_100.fasta	None	Braconidae	BLAST	family	656	1533	Braconidae	BGLIB938-24_r_1.5_s_50	Microplitis varipes	0
0	0	data/BGE00410_MGE-BGE_r1_1.3_1.5_s50_100.fasta	None	Braconidae	BLAST	family	656	1533	Braconidae	BGLIB938-24_r_1.5_s_100	Microplitis varipes	0
0	0	data/BGE00410_MGE-BGE_r1_1.3_1.5_s50_100.fasta	None	Braconidae	BLAST	family	656	1542	Braconidae	BGLIB939-24_r_1_s_50	Microplitis viduus	0
0	0	data/BGE00410_MGE-BGE_r1_1.3_1.5_s50_100.fasta	None	Braconidae	BLAST	family	656	1542	Braconidae	BGLIB939-24_r_1_s_100	Microplitis viduus	0
0	0	data/BGE00410_MGE-BGE_r1_1.3_1.5_s50_100.fasta	None	Braconidae	BLAST	family	656	1542	Braconidae	BGLIB939-24_r_1.3_s_50	Microplitis viduus	0
0	0	data/BGE00410_MGE-BGE_r1_1.3_1.5_s50_100.fasta	None	Braconidae	BLAST	family	656	1542	Braconidae	BGLIB939-24_r_1.3_s_100	Microplitis viduus	0
0	0	data/BGE00410_MGE-BGE_r1_1.3_1.5_s50_100.fasta	None	Braconidae	BLAST	family	656	1530	Braconidae	BGLIB939-24_r_1.5_s_50	Microplitis viduus	0
0	0	data/BGE00410_MGE-BGE_r1_1.3_1.5_s50_100.fasta	None	Braconidae	BLAST	family	656	1530	Braconidae	BGLIB939-24_r_1.5_s_100	Microplitis viduus	0
7	16	data/BGE00410_MGE-BGE_r1_1.3_1.5_s50_100.fasta	None	Braconidae	BLAST	family	657	1530	Braconidae	BGLIB940-24_r_1_s_50	Eubazus exsertor	0
2	3	data/BGE00410_MGE-BGE_r1_1.3_1.5_s50_100.fasta	None	Braconidae	BLAST	family	618	1326	Braconidae	BGLIB940-24_r_1_s_100	Eubazus exsertor	0
1	1	data/BGE00410_MGE-BGE_r1_1.3_1.5_s50_100.fasta	None	Braconidae	BLAST	family	597	1392	Braconidae	BGLIB940-24_r_1.3_s_50	Eubazus exsertor	0
1	8	data/BGE00410_MGE-BGE_r1_1.3_1.5_s50_100.fasta	None	Braconidae	BLAST	family	570	1269	Braconidae	BGLIB940-24_r_1.3_s_100	Eubazus exsertor	0
0	1	data/BGE00410_MGE-BGE_r1_1.3_1.5_s50_100.fasta	None	Braconidae	BLAST	family	424	1086	Braconidae	BGLIB940-24_r_1.5_s_50	Eubazus exsertor	0
3	3	data/BGE00410_MGE-BGE_r1_1.3_1.5_s50_100.fasta	None	Braconidae	BLAST	family	312	981	Braconidae	BGLIB940-24_r_1.5_s_100	Eubazus exsertor	0
5	17	data/BGE00410_MGE-BGE_r1_1.3_1.5_s50_100.fasta	None	Braconidae	BLAST	family	593	1281	Culicidae,Syrphidae,Drosophilidae,Muscidae,Braconidae,Lycaenidae,Crambidae	BGLIB941-24_r_1_s_50	Diospilus oleraceus	0
11	20	data/BGE00410_MGE-BGE_r1_1.3_1.5_s50_100.fasta	None	Braconidae	BLAST	family	451	942	Braconidae	BGLIB941-24_r_1_s_100	Diospilus oleraceus	0
5	10	data/BGE00410_MGE-BGE_r1_1.3_1.5_s50_100.fasta	None	Braconidae	BLAST	family	382	1044	Culicidae,Braconidae,Lycaenidae,Riodinidae,Crambidae	BGLIB941-24_r_1.3_s_50	Diospilus oleraceus	0
9	10	data/BGE00410_MGE-BGE_r1_1.3_1.5_s50_100.fasta	None	Braconidae	BLAST	family	349	837	Braconidae,Ichneumonidae	BGLIB941-24_r_1.3_s_100	Diospilus oleraceus	0
8	16	data/BGE00410_MGE-BGE_r1_1.3_1.5_s50_100.fasta	None	Braconidae	BLAST	family	278	684	Culicidae	BGLIB941-24_r_1.5_s_50	Diospilus oleraceus	0
8	10	data/BGE00410_MGE-BGE_r1_1.3_1.5_s50_100.fasta	None	Braconidae	BLAST	family	204	411	Culicidae,Braconidae	BGLIB941-24_r_1.5_s_100	Diospilus oleraceus	1
0	0	data/BGE00410_MGE-BGE_r1_1.3_1.5_s50_100.fasta	None	Braconidae	BLAST	family	646	1491	Braconidae	BGLIB942-24_r_1_s_50	Xenarcha lustrator	0
0	0	data/BGE00410_MGE-BGE_r1_1.3_1.5_s50_100.fasta	None	Braconidae	BLAST	family	646	1479	Braconidae	BGLIB942-24_r_1_s_100	Xenarcha lustrator	0
2	5	data/BGE00410_MGE-BGE_r1_1.3_1.5_s50_100.fasta	None	Braconidae	BLAST	family	655	1467	Braconidae	BGLIB942-24_r_1.3_s_50	Xenarcha lustrator	0
0	0	data/BGE00410_MGE-BGE_r1_1.3_1.5_s50_100.fasta	None	Braconidae	BLAST	family	655	1344	Braconidae	BGLIB942-24_r_1.3_s_100	Xenarcha lustrator	0
0	1	data/BGE00410_MGE-BGE_r1_1.3_1.5_s50_100.fasta	None	Braconidae	BLAST	family	586	1308	Braconidae	BGLIB942-24_r_1.5_s_50	Xenarcha lustrator	0
0	0	data/BGE00410_MGE-BGE_r1_1.3_1.5_s50_100.fasta	None	Braconidae	BLAST	family	517	1194	Braconidae	BGLIB942-24_r_1.5_s_100	Xenarcha lustrator	0
0	0	data/BGE00410_MGE-BGE_r1_1.3_1.5_s50_100.fasta	None	Braconidae	BLAST	family	657	1518	Braconidae	BGLIB943-24_r_1_s_50	Ascogaster albitarsus	0
0	0	data/BGE00410_MGE-BGE_r1_1.3_1.5_s50_100.fasta	None	Braconidae	BLAST	family	657	1482	Braconidae	BGLIB943-24_r_1_s_100	Ascogaster albitarsus	0
0	3	data/BGE00410_MGE-BGE_r1_1.3_1.5_s50_100.fasta	None	Braconidae	BLAST	family	657	1518	Braconidae	BGLIB943-24_r_1.3_s_50	Ascogaster albitarsus	0
0	0	data/BGE00410_MGE-BGE_r1_1.3_1.5_s50_100.fasta	None	Braconidae	BLAST	family	657	1425	Braconidae	BGLIB943-24_r_1.3_s_100	Ascogaster albitarsus	0
0	1	data/BGE00410_MGE-BGE_r1_1.3_1.5_s50_100.fasta	None	Braconidae	BLAST	family	609	1404	Braconidae	BGLIB943-24_r_1.5_s_50	Ascogaster albitarsus	0
0	0	data/BGE00410_MGE-BGE_r1_1.3_1.5_s50_100.fasta	None	Braconidae	BLAST	family	609	1335	Braconidae	BGLIB943-24_r_1.5_s_100	Ascogaster albitarsus	0
0	0	data/BGE00410_MGE-BGE_r1_1.3_1.5_s50_100.fasta	None	Braconidae	BLAST	family	657	1545	Braconidae	BGLIB944-24_r_1_s_50	Triaspis facialis	0
0	0	data/BGE00410_MGE-BGE_r1_1.3_1.5_s50_100.fasta	None	Braconidae	BLAST	family	657	1512	Braconidae	BGLIB944-24_r_1_s_100	Triaspis facialis	0
0	0	data/BGE00410_MGE-BGE_r1_1.3_1.5_s50_100.fasta	None	Braconidae	BLAST	family	639	1497	Braconidae	BGLIB944-24_r_1.3_s_50	Triaspis facialis	0
0	0	data/BGE00410_MGE-BGE_r1_1.3_1.5_s50_100.fasta	None	Braconidae	BLAST	family	618	1443	Braconidae	BGLIB944-24_r_1.3_s_100	Triaspis facialis	0
0	1	data/BGE00410_MGE-BGE_r1_1.3_1.5_s50_100.fasta	None	Braconidae	BLAST	family	552	1338	Braconidae,Megastigmidae	BGLIB944-24_r_1.5_s_50	Triaspis facialis	0
0	0	data/BGE00410_MGE-BGE_r1_1.3_1.5_s50_100.fasta	None	Braconidae	BLAST	family	498	1212	Braconidae,Megastigmidae	BGLIB944-24_r_1.5_s_100	Triaspis facialis	0
2	6	data/BGE00410_MGE-BGE_r1_1.3_1.5_s50_100.fasta	None	Braconidae	BLAST	family	650	1503	Braconidae	BGLIB945-24_r_1_s_50	Clinocentrus brevicalcar	0
3	5	data/BGE00410_MGE-BGE_r1_1.3_1.5_s50_100.fasta	None	Braconidae	BLAST	family	626	1407	Braconidae	BGLIB945-24_r_1_s_100	Clinocentrus brevicalcar	0
2	2	data/BGE00410_MGE-BGE_r1_1.3_1.5_s50_100.fasta	None	Braconidae	BLAST	family	641	1482	Braconidae	BGLIB945-24_r_1.3_s_50	Clinocentrus brevicalcar	0
3	3	data/BGE00410_MGE-BGE_r1_1.3_1.5_s50_100.fasta	None	Braconidae	BLAST	family	617	1398	Braconidae	BGLIB945-24_r_1.3_s_100	Clinocentrus brevicalcar	0
0	0	data/BGE00410_MGE-BGE_r1_1.3_1.5_s50_100.fasta	None	Braconidae	BLAST	family	476	1191	Braconidae,Pteromalidae,Eupelmidae,Mymaridae	BGLIB945-24_r_1.5_s_50	Clinocentrus brevicalcar	0
0	0	data/BGE00410_MGE-BGE_r1_1.3_1.5_s50_100.fasta	None	Braconidae	BLAST	family	446	1092	Braconidae,Eupelmidae,Mymaridae	BGLIB945-24_r_1.5_s_100	Clinocentrus brevicalcar	0
11	19	data/BGE00410_MGE-BGE_r1_1.3_1.5_s50_100.fasta	None	Braconidae	BLAST	family	652	1497	Braconidae	BGLIB946-24_r_1_s_50	Clinocentrus exsertor	0
5	5	data/BGE00410_MGE-BGE_r1_1.3_1.5_s50_100.fasta	None	Braconidae	BLAST	family	525	1269	Nymphalidae,Geometridae	BGLIB946-24_r_1_s_100	Clinocentrus exsertor	0
1	5	data/BGE00410_MGE-BGE_r1_1.3_1.5_s50_100.fasta	None	Braconidae	BLAST	family	619	1467	Braconidae	BGLIB946-24_r_1.3_s_50	Clinocentrus exsertor	0
3	3	data/BGE00410_MGE-BGE_r1_1.3_1.5_s50_100.fasta	None	Braconidae	BLAST	family	447	1191	Braconidae	BGLIB946-24_r_1.3_s_100	Clinocentrus exsertor	0
0	4	data/BGE00410_MGE-BGE_r1_1.3_1.5_s50_100.fasta	None	Braconidae	BLAST	family	426	1239	Braconidae	BGLIB946-24_r_1.5_s_50	Clinocentrus exsertor	0
0	0	data/BGE00410_MGE-BGE_r1_1.3_1.5_s50_100.fasta	None	Braconidae	BLAST	family	408	984	Braconidae	BGLIB946-24_r_1.5_s_100	Clinocentrus exsertor	0
2	2	data/BGE00410_MGE-BGE_r1_1.3_1.5_s50_100.fasta	None	Braconidae	BLAST	family	654	1503	Braconidae	BGLIB947-24_r_1_s_50	Clinocentrus vestigator	0
0	0	data/BGE00410_MGE-BGE_r1_1.3_1.5_s50_100.fasta	None	Braconidae	BLAST	family	635	1470	Braconidae	BGLIB947-24_r_1_s_100	Clinocentrus vestigator	0
2	2	data/BGE00410_MGE-BGE_r1_1.3_1.5_s50_100.fasta	None	Braconidae	BLAST	family	654	1503	Braconidae	BGLIB947-24_r_1.3_s_50	Clinocentrus vestigator	0
0	0	data/BGE00410_MGE-BGE_r1_1.3_1.5_s50_100.fasta	None	Braconidae	BLAST	family	635	1470	Braconidae	BGLIB947-24_r_1.3_s_100	Clinocentrus vestigator	0
1	1	data/BGE00410_MGE-BGE_r1_1.3_1.5_s50_100.fasta	None	Braconidae	BLAST	family	645	1482	Braconidae	BGLIB947-24_r_1.5_s_50	Clinocentrus vestigator	0
0	0	data/BGE00410_MGE-BGE_r1_1.3_1.5_s50_100.fasta	None	Braconidae	BLAST	family	626	1377	Braconidae	BGLIB947-24_r_1.5_s_100	Clinocentrus vestigator	0
0	4	data/BGE00410_MGE-BGE_r1_1.3_1.5_s50_100.fasta	None	Braconidae	BLAST	family	655	1527	Braconidae	BGLIB948-24_r_1_s_50	Proterops nigripennis	0
0	0	data/BGE00410_MGE-BGE_r1_1.3_1.5_s50_100.fasta	None	Braconidae	BLAST	family	655	1476	Braconidae	BGLIB948-24_r_1_s_100	Proterops nigripennis	0
0	1	data/BGE00410_MGE-BGE_r1_1.3_1.5_s50_100.fasta	None	Braconidae	BLAST	family	655	1413	Braconidae	BGLIB948-24_r_1.3_s_50	Proterops nigripennis	0
0	1	data/BGE00410_MGE-BGE_r1_1.3_1.5_s50_100.fasta	None	Braconidae	BLAST	family	655	1413	Braconidae	BGLIB948-24_r_1.3_s_100	Proterops nigripennis	0
0	0	data/BGE00410_MGE-BGE_r1_1.3_1.5_s50_100.fasta	None	Braconidae	BLAST	family	577	1323	Braconidae	BGLIB948-24_r_1.5_s_50	Proterops nigripennis	0
0	0	data/BGE00410_MGE-BGE_r1_1.3_1.5_s50_100.fasta	None	Braconidae	BLAST	family	502	1233	Braconidae	BGLIB948-24_r_1.5_s_100	Proterops nigripennis	0
0	0	data/BGE00410_MGE-BGE_r1_1.3_1.5_s50_100.fasta	None	Braconidae	BLAST	family	655	1551	Braconidae	BGLIB949-24_r_1_s_50	Meteorus lionotus	0
0	0	data/BGE00410_MGE-BGE_r1_1.3_1.5_s50_100.fasta	None	Braconidae	BLAST	family	655	1551	Braconidae	BGLIB949-24_r_1_s_100	Meteorus lionotus	0
0	0	data/BGE00410_MGE-BGE_r1_1.3_1.5_s50_100.fasta	None	Braconidae	BLAST	family	655	1533	Braconidae	BGLIB949-24_r_1.3_s_50	Meteorus lionotus	0
0	0	data/BGE00410_MGE-BGE_r1_1.3_1.5_s50_100.fasta	None	Braconidae	BLAST	family	655	1527	Braconidae	BGLIB949-24_r_1.3_s_100	Meteorus lionotus	0
0	0	data/BGE00410_MGE-BGE_r1_1.3_1.5_s50_100.fasta	None	Braconidae	BLAST	family	655	1494	Braconidae	BGLIB949-24_r_1.5_s_50	Meteorus lionotus	0
0	0	data/BGE00410_MGE-BGE_r1_1.3_1.5_s50_100.fasta	None	Braconidae	BLAST	family	655	1422	Braconidae	BGLIB949-24_r_1.5_s_100	Meteorus lionotus	0
0	0	data/BGE00410_MGE-BGE_r1_1.3_1.5_s50_100.fasta	None	Braconidae	BLAST	family	654	1548	Braconidae	BGLIB950-24_r_1_s_50	Meteorus longicornis	0
0	0	data/BGE00410_MGE-BGE_r1_1.3_1.5_s50_100.fasta	None	Braconidae	BLAST	family	654	1536	Braconidae	BGLIB950-24_r_1_s_100	Meteorus longicornis	0
0	0	data/BGE00410_MGE-BGE_r1_1.3_1.5_s50_100.fasta	None	Braconidae	BLAST	family	654	1527	Braconidae	BGLIB950-24_r_1.3_s_50	Meteorus longicornis	0
0	0	data/BGE00410_MGE-BGE_r1_1.3_1.5_s50_100.fasta	None	Braconidae	BLAST	family	654	1527	Braconidae	BGLIB950-24_r_1.3_s_100	Meteorus longicornis	0
0	0	data/BGE00410_MGE-BGE_r1_1.3_1.5_s50_100.fasta	None	Braconidae	BLAST	family	639	1479	Braconidae	BGLIB950-24_r_1.5_s_50	Meteorus longicornis	0
0	0	data/BGE00410_MGE-BGE_r1_1.3_1.5_s50_100.fasta	None	Braconidae	BLAST	family	630	1347	Braconidae	BGLIB950-24_r_1.5_s_100	Meteorus longicornis	0
21	30	data/BGE00410_MGE-BGE_r1_1.3_1.5_s50_100.fasta	BGE00410-NC not in BOLD	None	BLAST	family	545	1215		BGE00410-NC_r_1_s_50	None	0
19	26	data/BGE00410_MGE-BGE_r1_1.3_1.5_s50_100.fasta	BGE00410-NC not in BOLD	None	BLAST	family	428	1086		BGE00410-NC_r_1_s_100	None	0
5	6	data/BGE00410_MGE-BGE_r1_1.3_1.5_s50_100.fasta	BGE00410-NC not in BOLD	None	BLAST	family	482	678		BGE00410-NC_r_1.3_s_50	None	0
5	6	data/BGE00410_MGE-BGE_r1_1.3_1.5_s50_100.fasta	BGE00410-NC not in BOLD	None	BLAST	family	419	489		BGE00410-NC_r_1.3_s_100	None	0
0	1	data/BGE00410_MGE-BGE_r1_1.3_1.5_s50_100.fasta	BGE00410-NC not in BOLD	None	BLAST	family	130	261		BGE00410-NC_r_1.5_s_50	None	0
0	1	data/BGE00410_MGE-BGE_r1_1.3_1.5_s50_100.fasta	BGE00410-NC not in BOLD	None	BLAST	family	121	147		BGE00410-NC_r_1.5_s_100	None	0
